 v-sweep         V(drain)        V(gate)         V(source)       V(body)         I(Vd)           I(Vg)           I(Vs)           I(Vb)          
 0.00000000e+00  0.00000000e+00  0.00000000e+00  0.00000000e+00  0.00000000e+00  7.72481739e-18 -1.64983543e-17  7.72481739e-18  1.04871957e-18 
 5.00000000e-02  0.00000000e+00  5.00000000e-02  0.00000000e+00  0.00000000e+00  6.38359193e-10 -1.27672275e-09  6.38359193e-10  4.36418932e-15 
 1.00000000e-01  0.00000000e+00  1.00000000e-01  0.00000000e+00  0.00000000e+00  1.68868370e-09 -3.37737539e-09  1.68868370e-09  7.97936911e-15 
 1.50000000e-01  0.00000000e+00  1.50000000e-01  0.00000000e+00  0.00000000e+00  3.22782127e-09 -6.45565347e-09  3.22782127e-09  1.09184664e-14 
 2.00000000e-01  0.00000000e+00  2.00000000e-01  0.00000000e+00  0.00000000e+00  5.34280722e-09 -1.06856277e-08  5.34280722e-09  1.32457663e-14 
 2.50000000e-01  0.00000000e+00  2.50000000e-01  0.00000000e+00  0.00000000e+00  8.13207817e-09 -1.62641714e-08  8.13207817e-09  1.50258945e-14 
 3.00000000e-01  0.00000000e+00  3.00000000e-01  0.00000000e+00  0.00000000e+00  1.17067705e-08 -2.34135573e-08  1.17067705e-08  1.63521680e-14 
 3.50000000e-01  0.00000000e+00  3.50000000e-01  0.00000000e+00  0.00000000e+00  1.61921442e-08 -3.23843059e-08  1.61921442e-08  1.75681649e-14 
 4.00000000e-01  0.00000000e+00  4.00000000e-01  0.00000000e+00  0.00000000e+00  2.17291491e-08 -4.34583193e-08  2.17291491e-08  2.10044941e-14 
 4.50000000e-01  0.00000000e+00  4.50000000e-01  0.00000000e+00  0.00000000e+00  2.84761499e-08 -5.69523443e-08  2.84761499e-08  4.44365487e-14 
 5.00000000e-01  0.00000000e+00  5.00000000e-01  0.00000000e+00  0.00000000e+00  3.66108236e-08 -7.32218717e-08  3.66108236e-08  2.24463860e-13 
 5.50000000e-01  0.00000000e+00  5.50000000e-01  0.00000000e+00  0.00000000e+00  4.63322487e-08 -9.26661029e-08  4.63322487e-08  1.60554437e-12 
 6.00000000e-01  0.00000000e+00  6.00000000e-01  0.00000000e+00  0.00000000e+00  5.78632026e-08 -1.15738541e-07  5.78632026e-08  1.21356039e-11 
 6.50000000e-01  0.00000000e+00  6.50000000e-01  0.00000000e+00  0.00000000e+00  7.14526880e-08 -1.42997479e-07  7.14526880e-08  9.21031474e-11 
 7.00000000e-01  0.00000000e+00  7.00000000e-01  0.00000000e+00  0.00000000e+00  8.73787090e-08 -1.75455136e-07  8.73787090e-08  6.97718194e-10 
 7.50000000e-01  0.00000000e+00  7.50000000e-01  0.00000000e+00  0.00000000e+00  1.05951316e-07 -2.17153438e-07  1.05951316e-07  5.25080645e-09 
 8.00000000e-01  0.00000000e+00  8.00000000e-01  0.00000000e+00  0.00000000e+00  1.27515906e-07 -2.92893657e-07  1.27515906e-07  3.78618438e-08 
 8.50000000e-01  0.00000000e+00  8.50000000e-01  0.00000000e+00  0.00000000e+00  1.52456650e-07 -5.23638937e-07  1.52456650e-07  2.18725638e-07 
 9.00000000e-01  0.00000000e+00  9.00000000e-01  0.00000000e+00  0.00000000e+00  1.81200366e-07 -1.10767587e-06  1.81200366e-07  7.45275140e-07 
 9.50000000e-01  0.00000000e+00  9.50000000e-01  0.00000000e+00  0.00000000e+00  2.14221839e-07 -2.01855659e-06  2.14221839e-07  1.59011291e-06 
 1.00000000e+00  0.00000000e+00  1.00000000e+00  0.00000000e+00  0.00000000e+00  2.52048363e-07 -3.19023389e-06  2.52048363e-07  2.68613716e-06 
 1.05000000e+00  0.00000000e+00  1.05000000e+00  0.00000000e+00  0.00000000e+00  2.95264557e-07 -4.64386041e-06  2.95264557e-07  4.05333130e-06 
 1.10000000e+00  0.00000000e+00  1.10000000e+00  0.00000000e+00  0.00000000e+00  3.44518237e-07 -6.43307469e-06  3.44518237e-07  5.74403821e-06 
 1.15000000e+00  0.00000000e+00  1.15000000e+00  0.00000000e+00  0.00000000e+00  4.00526778e-07 -8.62385712e-06  4.00526778e-07  7.82280357e-06 
 1.20000000e+00  0.00000000e+00  1.20000000e+00  0.00000000e+00  0.00000000e+00  4.64084007e-07 -1.12920766e-05  4.64084007e-07  1.03639086e-05 
