 v-sweep         V(drain)        V(gate)         V(source)       V(body)         I(Vd)           I(Vg)           I(Vs)           I(Vb)          
 0.00000000e+00  0.00000000e+00  0.00000000e+00  0.00000000e+00  0.00000000e+00  1.15969048e-17 -2.47682031e-17  1.15969048e-17  1.57439354e-18 
 5.00000000e-02  0.00000000e+00  5.00000000e-02  0.00000000e+00  0.00000000e+00  9.58338526e-10 -1.91668360e-09  9.58338526e-10  6.55175187e-15 
 1.00000000e-01  0.00000000e+00  1.00000000e-01  0.00000000e+00  0.00000000e+00  2.53514084e-09 -5.07029365e-09  2.53514084e-09  1.19790507e-14 
 1.50000000e-01  0.00000000e+00  1.50000000e-01  0.00000000e+00  0.00000000e+00  4.84577446e-09 -9.69156531e-09  4.84577446e-09  1.63913785e-14 
 2.00000000e-01  0.00000000e+00  2.00000000e-01  0.00000000e+00  0.00000000e+00  8.02090087e-09 -1.60418216e-08  8.02090087e-09  1.98852438e-14 
 2.50000000e-01  0.00000000e+00  2.50000000e-01  0.00000000e+00  0.00000000e+00  1.22082975e-08 -2.44166176e-08  1.22082975e-08  2.25576662e-14 
 3.00000000e-01  0.00000000e+00  3.00000000e-01  0.00000000e+00  0.00000000e+00  1.75748071e-08 -3.51496387e-08  1.75748071e-08  2.45487380e-14 
 3.50000000e-01  0.00000000e+00  3.50000000e-01  0.00000000e+00  0.00000000e+00  2.43084748e-08 -4.86169760e-08  2.43084748e-08  2.63742527e-14 
 4.00000000e-01  0.00000000e+00  4.00000000e-01  0.00000000e+00  0.00000000e+00  3.26209000e-08 -6.52418316e-08  3.26209000e-08  3.15329989e-14 
 4.50000000e-01  0.00000000e+00  4.50000000e-01  0.00000000e+00  0.00000000e+00  4.27498248e-08 -8.54997162e-08  4.27498248e-08  6.67098829e-14 
 5.00000000e-01  0.00000000e+00  5.00000000e-01  0.00000000e+00  0.00000000e+00  5.49619832e-08 -1.09924303e-07  5.49619832e-08  3.36970881e-13 
 5.50000000e-01  0.00000000e+00  5.50000000e-01  0.00000000e+00  0.00000000e+00  6.95562370e-08 -1.39114884e-07  6.95562370e-08  2.41026855e-12 
 6.00000000e-01  0.00000000e+00  6.00000000e-01  0.00000000e+00  0.00000000e+00  8.68670240e-08 -1.73752266e-07  8.68670240e-08  1.82180432e-11 
 6.50000000e-01  0.00000000e+00  6.50000000e-01  0.00000000e+00  0.00000000e+00  1.07268150e-07 -2.14674566e-07  1.07268150e-07  1.38264788e-10 
 7.00000000e-01  0.00000000e+00  7.00000000e-01  0.00000000e+00  0.00000000e+00  1.31176956e-07 -2.63401314e-07  1.31176956e-07  1.04740165e-09 
 7.50000000e-01  0.00000000e+00  7.50000000e-01  0.00000000e+00  0.00000000e+00  1.59058875e-07 -3.26000059e-07  1.59058875e-07  7.88231006e-09 
 8.00000000e-01  0.00000000e+00  8.00000000e-01  0.00000000e+00  0.00000000e+00  1.91432294e-07 -4.39699514e-07  1.91432294e-07  5.68349260e-08 
 8.50000000e-01  0.00000000e+00  8.50000000e-01  0.00000000e+00  0.00000000e+00  2.28873216e-07 -7.86046602e-07  2.28873216e-07  3.28300170e-07 
 9.00000000e-01  0.00000000e+00  9.00000000e-01  0.00000000e+00  0.00000000e+00  2.72020787e-07 -1.66253404e-06  2.72020787e-07  1.11849246e-06 
 9.50000000e-01  0.00000000e+00  9.50000000e-01  0.00000000e+00  0.00000000e+00  3.21586931e-07 -3.02936232e-06  3.21586931e-07  2.38618845e-06 
 1.00000000e+00  0.00000000e+00  1.00000000e+00  0.00000000e+00  0.00000000e+00  3.78362588e-07 -4.78728005e-06  3.78362588e-07  4.03055488e-06 
 1.05000000e+00  0.00000000e+00  1.05000000e+00  0.00000000e+00  0.00000000e+00  4.43223984e-07 -6.96780057e-06  4.43223984e-07  6.08135260e-06 
 1.10000000e+00  0.00000000e+00  1.10000000e+00  0.00000000e+00  0.00000000e+00  5.17141511e-07 -9.65108778e-06  5.17141511e-07  8.61680476e-06 
 1.15000000e+00  0.00000000e+00  1.15000000e+00  0.00000000e+00  0.00000000e+00  6.01189208e-07 -1.29356810e-05  6.01189208e-07  1.17333026e-05 
 1.20000000e+00  0.00000000e+00  1.20000000e+00  0.00000000e+00  0.00000000e+00  6.96554927e-07 -1.69347502e-05  6.96554927e-07  1.55416403e-05 
