 v-sweep         V(drain)        V(gate)         V(source)       V(body)         I(Vd)           I(Vg)           I(Vs)           I(Vb)          
 0.00000000e+00  0.00000000e+00  0.00000000e+00  0.00000000e+00  0.00000000e+00  1.91668420e-18 -4.09357701e-18  1.91668420e-18  2.60208615e-19 
 5.00000000e-02  0.00000000e+00  5.00000000e-02  0.00000000e+00  0.00000000e+00  1.58389901e-10 -3.16780879e-10  1.58389901e-10  1.08284409e-15 
 1.00000000e-01  0.00000000e+00  1.00000000e-01  0.00000000e+00  0.00000000e+00  4.18996816e-10 -8.37995603e-10  4.18996816e-10  1.97984374e-15 
 1.50000000e-01  0.00000000e+00  1.50000000e-01  0.00000000e+00  0.00000000e+00  8.00888275e-10 -1.60177925e-09  8.00888275e-10  2.70909359e-15 
 2.00000000e-01  0.00000000e+00  2.00000000e-01  0.00000000e+00  0.00000000e+00  1.32565958e-09 -2.65132241e-09  1.32565958e-09  3.28654405e-15 
 2.50000000e-01  0.00000000e+00  2.50000000e-01  0.00000000e+00  0.00000000e+00  2.01773495e-09 -4.03547365e-09  2.01773495e-09  3.72823007e-15 
 3.00000000e-01  0.00000000e+00  3.00000000e-01  0.00000000e+00  0.00000000e+00  2.90468974e-09 -5.80938356e-09  2.90468974e-09  4.05730552e-15 
 3.50000000e-01  0.00000000e+00  3.50000000e-01  0.00000000e+00  0.00000000e+00  4.01760368e-09 -8.03521172e-09  4.01760368e-09  4.35901959e-15 
 4.00000000e-01  0.00000000e+00  4.00000000e-01  0.00000000e+00  0.00000000e+00  5.39144960e-09 -1.07829044e-08  5.39144960e-09  5.21164929e-15 
 4.50000000e-01  0.00000000e+00  4.50000000e-01  0.00000000e+00  0.00000000e+00  7.06552134e-09 -1.41310537e-08  7.06552134e-09  1.10256872e-14 
 5.00000000e-01  0.00000000e+00  5.00000000e-01  0.00000000e+00  0.00000000e+00  9.08390470e-09 -1.81678651e-08  9.08390470e-09  5.56948064e-14 
 5.50000000e-01  0.00000000e+00  5.50000000e-01  0.00000000e+00  0.00000000e+00  1.14959958e-08 -2.29923900e-08  1.14959958e-08  3.98375572e-13 
 6.00000000e-01  0.00000000e+00  6.00000000e-01  0.00000000e+00  0.00000000e+00  1.43570711e-08 -2.87171534e-08  1.43570711e-08  3.01116026e-12 
 6.50000000e-01  0.00000000e+00  6.50000000e-01  0.00000000e+00  0.00000000e+00  1.77289145e-08 -3.54806824e-08  1.77289145e-08  2.28533233e-11 
 7.00000000e-01  0.00000000e+00  7.00000000e-01  0.00000000e+00  0.00000000e+00  2.16805063e-08 -4.35341367e-08  2.16805063e-08  1.73124276e-10 
 7.50000000e-01  0.00000000e+00  7.50000000e-01  0.00000000e+00  0.00000000e+00  2.62887800e-08 -5.38804535e-08  2.62887800e-08  1.30289359e-09 
 8.00000000e-01  0.00000000e+00  8.00000000e-01  0.00000000e+00  0.00000000e+00  3.16394533e-08 -7.26739808e-08  3.16394533e-08  9.39507420e-09 
 8.50000000e-01  0.00000000e+00  8.50000000e-01  0.00000000e+00  0.00000000e+00  3.78279370e-08 -1.29937271e-07  3.78279370e-08  5.42813970e-08 
 9.00000000e-01  0.00000000e+00  9.00000000e-01  0.00000000e+00  0.00000000e+00  4.49603345e-08 -2.74906974e-07  4.49603345e-08  1.84986305e-07 
 9.50000000e-01  0.00000000e+00  9.50000000e-01  0.00000000e+00  0.00000000e+00  5.31545542e-08 -5.01041159e-07  5.31545542e-08  3.94732051e-07 
 1.00000000e+00  0.00000000e+00  1.00000000e+00  0.00000000e+00  0.00000000e+00  6.25415106e-08 -7.91971644e-07  6.25415106e-08  6.66888623e-07 
 1.05000000e+00  0.00000000e+00  1.05000000e+00  0.00000000e+00  0.00000000e+00  7.32664378e-08 -1.15299575e-06  7.32664378e-08  1.00646287e-06 
 1.10000000e+00  0.00000000e+00  1.10000000e+00  0.00000000e+00  0.00000000e+00  8.54903385e-08 -1.59749569e-06  8.54903385e-08  1.42651501e-06 
 1.15000000e+00  0.00000000e+00  1.15000000e+00  0.00000000e+00  0.00000000e+00  9.93915707e-08 -2.14194732e-06  9.93915707e-08  1.94316417e-06 
 1.20000000e+00  0.00000000e+00  1.20000000e+00  0.00000000e+00  0.00000000e+00  1.15167584e-07 -2.80532415e-06  1.15167584e-07  2.57498899e-06 
