 v-sweep         V(drain)        V(gate)         V(source)       V(body)         I(Vd)           I(Vg)           I(Vs)           I(Vb)          
 0.00000000e+00  0.00000000e+00  0.00000000e+00  0.00000000e+00  0.00000000e+00  3.85272877e-18 -8.22850314e-18  3.85272877e-18  5.23045599e-19 
 5.00000000e-02  0.00000000e+00  5.00000000e-02  0.00000000e+00  0.00000000e+00  3.18379690e-10 -6.36761557e-10  3.18379690e-10  2.17662595e-15 
 1.00000000e-01  0.00000000e+00  1.00000000e-01  0.00000000e+00  0.00000000e+00  8.42225880e-10 -1.68445574e-09  8.42225880e-10  3.97968578e-15 
 1.50000000e-01  0.00000000e+00  1.50000000e-01  0.00000000e+00  0.00000000e+00  1.60986621e-09 -3.21973787e-09  1.60986621e-09  5.44555160e-15 
 2.00000000e-01  0.00000000e+00  2.00000000e-01  0.00000000e+00  0.00000000e+00  2.66470940e-09 -5.32942541e-09  2.66470940e-09  6.60628530e-15 
 2.50000000e-01  0.00000000e+00  2.50000000e-01  0.00000000e+00  0.00000000e+00  4.05585056e-09 -8.11170861e-09  4.05585056e-09  7.49411879e-15 
 3.00000000e-01  0.00000000e+00  3.00000000e-01  0.00000000e+00  0.00000000e+00  5.83871885e-09 -1.16774459e-08  5.83871885e-09  8.15559365e-15 
 3.50000000e-01  0.00000000e+00  3.50000000e-01  0.00000000e+00  0.00000000e+00  8.07578761e-09 -1.61515840e-08  8.07578761e-09  8.76206919e-15 
 4.00000000e-01  0.00000000e+00  4.00000000e-01  0.00000000e+00  0.00000000e+00  1.08373557e-08 -2.16747218e-08  1.08373557e-08  1.04759383e-14 
 4.50000000e-01  0.00000000e+00  4.50000000e-01  0.00000000e+00  0.00000000e+00  1.42024074e-08 -2.84048369e-08  1.42024074e-08  2.21627139e-14 
 5.00000000e-01  0.00000000e+00  5.00000000e-01  0.00000000e+00  0.00000000e+00  1.82595595e-08 -3.65192310e-08  1.82595595e-08  1.11951879e-13 
 5.50000000e-01  0.00000000e+00  5.50000000e-01  0.00000000e+00  0.00000000e+00  2.31081030e-08 -4.62170067e-08  2.31081030e-08  8.00772165e-13 
 6.00000000e-01  0.00000000e+00  6.00000000e-01  0.00000000e+00  0.00000000e+00  2.88591488e-08 -5.77243502e-08  2.88591488e-08  6.05270798e-12 
 6.50000000e-01  0.00000000e+00  6.50000000e-01  0.00000000e+00  0.00000000e+00  3.56368881e-08 -7.13197135e-08  3.56368881e-08  4.59372222e-11 
 7.00000000e-01  0.00000000e+00  7.00000000e-01  0.00000000e+00  0.00000000e+00  4.35799776e-08 -8.75079501e-08  4.35799776e-08  3.47994761e-10 
 7.50000000e-01  0.00000000e+00  7.50000000e-01  0.00000000e+00  0.00000000e+00  5.28430600e-08 -1.08305042e-07  5.28430600e-08  2.61892151e-09 
 8.00000000e-01  0.00000000e+00  8.00000000e-01  0.00000000e+00  0.00000000e+00  6.35984296e-08 -1.46081525e-07  6.35984296e-08  1.88846657e-08 
 8.50000000e-01  0.00000000e+00  8.50000000e-01  0.00000000e+00  0.00000000e+00  7.60378351e-08 -2.61180470e-07  7.60378351e-08  1.09104800e-07 
 9.00000000e-01  0.00000000e+00  9.00000000e-01  0.00000000e+00  0.00000000e+00  9.03744748e-08 -5.52549472e-07  9.03744748e-08  3.71800522e-07 
 9.50000000e-01  0.00000000e+00  9.50000000e-01  0.00000000e+00  0.00000000e+00  1.06845314e-07 -1.00702581e-06  1.06845314e-07  7.93335185e-07 
 1.00000000e+00  0.00000000e+00  1.00000000e+00  0.00000000e+00  0.00000000e+00  1.25713472e-07 -1.59169604e-06  1.25713472e-07  1.34026909e-06 
 1.05000000e+00  0.00000000e+00  1.05000000e+00  0.00000000e+00  0.00000000e+00  1.47270812e-07 -2.31717852e-06  1.47270812e-07  2.02263689e-06 
 1.10000000e+00  0.00000000e+00  1.10000000e+00  0.00000000e+00  0.00000000e+00  1.71840858e-07 -3.21032802e-06  1.71840858e-07  2.86664630e-06 
 1.15000000e+00  0.00000000e+00  1.15000000e+00  0.00000000e+00  0.00000000e+00  1.99781982e-07 -4.30419861e-06  1.99781982e-07  3.90463464e-06 
 1.20000000e+00  0.00000000e+00  1.20000000e+00  0.00000000e+00  0.00000000e+00  2.31490884e-07 -5.63683782e-06  2.31490884e-07  5.17385605e-06 
