 v-sweep         V(drain)        V(gate)         V(source)       V(body)         I(Vd)           I(Vg)           I(Vs)           I(Vb)          
 0.00000000e+00  0.00000000e+00  0.00000000e+00  0.00000000e+00  0.00000000e+00  1.54689904e-17 -3.30380483e-17  1.54689904e-17  2.10006751e-18 
 5.00000000e-02  0.00000000e+00  5.00000000e-02  0.00000000e+00  0.00000000e+00  1.27831760e-09 -2.55664394e-09  1.27831760e-09  8.73931320e-15 
 1.00000000e-01  0.00000000e+00  1.00000000e-01  0.00000000e+00  0.00000000e+00  3.38159692e-09 -6.76320983e-09  3.38159692e-09  1.59787296e-14 
 1.50000000e-01  0.00000000e+00  1.50000000e-01  0.00000000e+00  0.00000000e+00  6.46372483e-09 -1.29274715e-08  6.46372483e-09  2.18642866e-14 
 2.00000000e-01  0.00000000e+00  2.00000000e-01  0.00000000e+00  0.00000000e+00  1.06989883e-08 -2.13980030e-08  1.06989883e-08  2.65247160e-14 
 2.50000000e-01  0.00000000e+00  2.50000000e-01  0.00000000e+00  0.00000000e+00  1.62845045e-08 -3.25690391e-08  1.62845045e-08  3.00894319e-14 
 3.00000000e-01  0.00000000e+00  3.00000000e-01  0.00000000e+00  0.00000000e+00  2.34428211e-08 -4.68856749e-08  2.34428211e-08  3.27453014e-14 
 3.50000000e-01  0.00000000e+00  3.50000000e-01  0.00000000e+00  0.00000000e+00  3.24247666e-08 -6.48495683e-08  3.24247666e-08  3.51803285e-14 
 4.00000000e-01  0.00000000e+00  4.00000000e-01  0.00000000e+00  0.00000000e+00  4.35125869e-08 -8.70252159e-08  4.35125869e-08  4.20614270e-14 
 4.50000000e-01  0.00000000e+00  4.50000000e-01  0.00000000e+00  0.00000000e+00  5.70233980e-08 -1.14046885e-07  5.70233980e-08  8.89824654e-14 
 5.00000000e-01  0.00000000e+00  5.00000000e-01  0.00000000e+00  0.00000000e+00  7.33129860e-08 -1.46626422e-07  7.33129860e-08  4.49470458e-13 
 5.50000000e-01  0.00000000e+00  5.50000000e-01  0.00000000e+00  0.00000000e+00  9.27799891e-08 -1.85563193e-07  9.27799891e-08  3.21492062e-12 
 6.00000000e-01  0.00000000e+00  6.00000000e-01  0.00000000e+00  0.00000000e+00  1.15870497e-07 -2.31765293e-07  1.15870497e-07  2.42997969e-11 
 6.50000000e-01  0.00000000e+00  6.50000000e-01  0.00000000e+00  0.00000000e+00  1.43083106e-07 -2.86350633e-07  1.43083106e-07  1.84420000e-10 
 7.00000000e-01  0.00000000e+00  7.00000000e-01  0.00000000e+00  0.00000000e+00  1.74974477e-07 -3.51345980e-07  1.74974477e-07  1.39702523e-09 
 7.50000000e-01  0.00000000e+00  7.50000000e-01  0.00000000e+00  0.00000000e+00  2.12165387e-07 -4.34844023e-07  2.12165387e-07  1.05132482e-08 
 8.00000000e-01  0.00000000e+00  8.00000000e-01  0.00000000e+00  0.00000000e+00  2.55347047e-07 -5.86496299e-07  2.55347047e-07  7.58022060e-08 
 8.50000000e-01  0.00000000e+00  8.50000000e-01  0.00000000e+00  0.00000000e+00  3.05286409e-07 -1.04838721e-06  3.05286409e-07  4.37814392e-07 
 9.00000000e-01  0.00000000e+00  9.00000000e-01  0.00000000e+00  0.00000000e+00  3.62833001e-07 -2.21705599e-06  3.62833001e-07  1.49138998e-06 
 9.50000000e-01  0.00000000e+00  9.50000000e-01  0.00000000e+00  0.00000000e+00  4.28934876e-07 -4.03927509e-06  4.28934876e-07  3.18140534e-06 
 1.00000000e+00  0.00000000e+00  1.00000000e+00  0.00000000e+00  0.00000000e+00  5.04645826e-07 -6.38250335e-06  5.04645826e-07  5.37321170e-06 
 1.05000000e+00  0.00000000e+00  1.05000000e+00  0.00000000e+00  0.00000000e+00  5.91131968e-07 -9.28840583e-06  5.91131968e-07  8.10614189e-06 
 1.10000000e+00  0.00000000e+00  1.10000000e+00  0.00000000e+00  0.00000000e+00  6.89683710e-07 -1.28633625e-05  6.89683710e-07  1.14839950e-05 
 1.15000000e+00  0.00000000e+00  1.15000000e+00  0.00000000e+00  0.00000000e+00  8.01728276e-07 -1.72380330e-05  8.01728276e-07  1.56345764e-05 
 1.20000000e+00  0.00000000e+00  1.20000000e+00  0.00000000e+00  0.00000000e+00  9.28842924e-07 -2.25622687e-05  9.28842924e-07  2.07045829e-05 
