 v-sweep         V(drain)        V(gate)         V(source)       V(body)         I(Vd)           I(Vg)           I(Vs)           I(Vb)          
 0.00000000e+00  0.00000000e+00  0.00000000e+00  0.00000000e+00  0.00000000e+00  5.78877319e-18 -1.23634290e-17  5.78877319e-18  7.85882584e-19 
 5.00000000e-02  0.00000000e+00  5.00000000e-02  0.00000000e+00  0.00000000e+00  4.78369458e-10 -9.56742187e-10  4.78369458e-10  3.27040771e-15 
 1.00000000e-01  0.00000000e+00  1.00000000e-01  0.00000000e+00  0.00000000e+00  1.26545486e-09 -2.53091569e-09  1.26545486e-09  5.97952761e-15 
 1.50000000e-01  0.00000000e+00  1.50000000e-01  0.00000000e+00  0.00000000e+00  2.41884392e-09 -4.83769603e-09  2.41884392e-09  8.18200927e-15 
 2.00000000e-01  0.00000000e+00  2.00000000e-01  0.00000000e+00  0.00000000e+00  4.00375870e-09 -8.00752733e-09  4.00375870e-09  9.92602612e-15 
 2.50000000e-01  0.00000000e+00  2.50000000e-01  0.00000000e+00  0.00000000e+00  6.09396514e-09 -1.21879415e-08  6.09396514e-09  1.12600070e-14 
 3.00000000e-01  0.00000000e+00  3.00000000e-01  0.00000000e+00  0.00000000e+00  8.77274609e-09 -1.75455044e-08  8.77274609e-09  1.22538812e-14 
 3.50000000e-01  0.00000000e+00  3.50000000e-01  0.00000000e+00  0.00000000e+00  1.21339683e-08 -2.42679498e-08  1.21339683e-08  1.31651178e-14 
 4.00000000e-01  0.00000000e+00  4.00000000e-01  0.00000000e+00  0.00000000e+00  1.62832564e-08 -3.25665285e-08  1.62832564e-08  1.57402210e-14 
 4.50000000e-01  0.00000000e+00  4.50000000e-01  0.00000000e+00  0.00000000e+00  2.13392850e-08 -4.26786033e-08  2.13392850e-08  3.32996782e-14 
 5.00000000e-01  0.00000000e+00  5.00000000e-01  0.00000000e+00  0.00000000e+00  2.74352014e-08 -5.48705709e-08  2.74352014e-08  1.68208334e-13 
 5.50000000e-01  0.00000000e+00  5.50000000e-01  0.00000000e+00  0.00000000e+00  3.47201906e-08 -6.94415843e-08  3.47201906e-08  1.20316277e-12 
 6.00000000e-01  0.00000000e+00  6.00000000e-01  0.00000000e+00  0.00000000e+00  4.33611974e-08 -8.67314890e-08  4.33611974e-08  9.09419874e-12 
 6.50000000e-01  0.00000000e+00  6.50000000e-01  0.00000000e+00  0.00000000e+00  5.35448197e-08 -1.07158660e-07  5.35448197e-08  6.90205863e-11 
 7.00000000e-01  0.00000000e+00  7.00000000e-01  0.00000000e+00  0.00000000e+00  6.54793886e-08 -1.31481637e-07  6.54793886e-08  5.22860230e-10 
 7.50000000e-01  0.00000000e+00  7.50000000e-01  0.00000000e+00  0.00000000e+00  7.93972532e-08 -1.62729406e-07  7.93972532e-08  3.93490013e-09 
 8.00000000e-01  0.00000000e+00  8.00000000e-01  0.00000000e+00  0.00000000e+00  9.55572700e-08 -2.19488200e-07  9.55572700e-08  2.83736600e-08 
 8.50000000e-01  0.00000000e+00  8.50000000e-01  0.00000000e+00  0.00000000e+00  1.14247453e-07 -3.92415037e-07  1.14247453e-07  1.63920131e-07 
 9.00000000e-01  0.00000000e+00  9.00000000e-01  0.00000000e+00  0.00000000e+00  1.35787933e-07 -8.30141945e-07  1.35787933e-07  5.58566080e-07 
 9.50000000e-01  0.00000000e+00  9.50000000e-01  0.00000000e+00  0.00000000e+00  1.60534648e-07 -1.51287132e-06  1.60534648e-07  1.19180202e-06 
 1.00000000e+00  0.00000000e+00  1.00000000e+00  0.00000000e+00  0.00000000e+00  1.88882855e-07 -2.39113066e-06  1.88882855e-07  2.01336495e-06 
 1.05000000e+00  0.00000000e+00  1.05000000e+00  0.00000000e+00  0.00000000e+00  2.21270901e-07 -3.48082497e-06  2.21270901e-07  3.03828316e-06 
 1.10000000e+00  0.00000000e+00  1.10000000e+00  0.00000000e+00  0.00000000e+00  2.58184621e-07 -4.82222994e-06  2.58184621e-07  4.30586070e-06 
 1.15000000e+00  0.00000000e+00  1.15000000e+00  0.00000000e+00  0.00000000e+00  3.00162104e-07 -6.46490422e-06  3.00162104e-07  5.86458002e-06 
 1.20000000e+00  0.00000000e+00  1.20000000e+00  0.00000000e+00  0.00000000e+00  3.47798909e-07 -8.46586476e-06  3.47798909e-07  7.77026694e-06 
