 3.00000000e+01  1.00000000e-02  1.00000000e-02  0.00000000e+00  0.00000000e+00  0.00000000e+00 -1.40643204e-08  6.55129315e-11  1.39988043e-08  3.17994536e-15 
 3.00000000e+01  2.00000000e-02  2.00000000e-02  0.00000000e+00  0.00000000e+00  0.00000000e+00 -2.50210522e-08  1.41363178e-10  2.48796836e-08  5.34953593e-15 
 3.00000000e+01  3.00000000e-02  3.00000000e-02  0.00000000e+00  0.00000000e+00  0.00000000e+00 -3.32211476e-08  2.28081063e-10  3.29930598e-08  6.82975615e-15 
 3.00000000e+01  4.00000000e-02  4.00000000e-02  0.00000000e+00  0.00000000e+00  0.00000000e+00 -3.91971749e-08  3.26216261e-10  3.88709508e-08  7.84005220e-15 
 3.00000000e+01  5.00000000e-02  5.00000000e-02  0.00000000e+00  0.00000000e+00  0.00000000e+00 -4.35748860e-08  4.36338488e-10  4.31385390e-08  8.53004070e-15 
 3.00000000e+01  6.00000000e-02  6.00000000e-02  0.00000000e+00  0.00000000e+00  0.00000000e+00 -4.69233064e-08  5.59038186e-10  4.63642592e-08  9.00170923e-15 
 3.00000000e+01  7.00000000e-02  7.00000000e-02  0.00000000e+00  0.00000000e+00  0.00000000e+00 -4.96588280e-08  6.94927220e-10  4.89638914e-08  9.32457895e-15 
 3.00000000e+01  8.00000000e-02  8.00000000e-02  0.00000000e+00  0.00000000e+00  0.00000000e+00 -5.20454350e-08  8.44639585e-10  5.12007858e-08  9.54604840e-15 
 3.00000000e+01  9.00000000e-02  9.00000000e-02  0.00000000e+00  0.00000000e+00  0.00000000e+00 -5.42395848e-08  1.00883212e-09  5.32307430e-08  9.69843948e-15 
 3.00000000e+01  1.00000000e-01  1.00000000e-01  0.00000000e+00  0.00000000e+00  0.00000000e+00 -5.63329373e-08  1.18818524e-09  5.51447423e-08  9.80379601e-15 
 3.00000000e+01  1.10000000e-01  1.10000000e-01  0.00000000e+00  0.00000000e+00  0.00000000e+00 -5.83803363e-08  1.38340369e-09  5.69969227e-08  9.87715341e-15 
 3.00000000e+01  1.20000000e-01  1.20000000e-01  0.00000000e+00  0.00000000e+00  0.00000000e+00 -6.04158564e-08  1.59521731e-09  5.88206292e-08  9.92876778e-15 
 3.00000000e+01  1.30000000e-01  1.30000000e-01  0.00000000e+00  0.00000000e+00  0.00000000e+00 -6.24616478e-08  1.82438183e-09  6.06372560e-08  9.96563596e-15 
 3.00000000e+01  1.40000000e-01  1.40000000e-01  0.00000000e+00  0.00000000e+00  0.00000000e+00 -6.45328219e-08  2.07167967e-09  6.24611322e-08  9.99253209e-15 
 3.00000000e+01  1.50000000e-01  1.50000000e-01  0.00000000e+00  0.00000000e+00  0.00000000e+00 -6.66402069e-08  2.33792078e-09  6.43022761e-08  1.00127147e-14 
 3.00000000e+01  1.60000000e-01  1.60000000e-01  0.00000000e+00  0.00000000e+00  0.00000000e+00 -6.87919478e-08  2.62394348e-09  6.61679943e-08  1.00284088e-14 
 3.00000000e+01  1.70000000e-01  1.70000000e-01  0.00000000e+00  0.00000000e+00  0.00000000e+00 -7.09944635e-08  2.93061535e-09  6.80638381e-08  1.00411347e-14 
 3.00000000e+01  1.80000000e-01  1.80000000e-01  0.00000000e+00  0.00000000e+00  0.00000000e+00 -7.32530380e-08  3.25883413e-09  6.99941938e-08  1.00519324e-14 
 3.00000000e+01  1.90000000e-01  1.90000000e-01  0.00000000e+00  0.00000000e+00  0.00000000e+00 -7.55721953e-08  3.60952863e-09  7.19626566e-08  1.00615143e-14 
 3.00000000e+01  2.00000000e-01  2.00000000e-01  0.00000000e+00  0.00000000e+00  0.00000000e+00 -7.79559453e-08  3.98365971e-09  7.39722755e-08  1.00703698e-14 
 3.00000000e+01  2.10000000e-01  2.10000000e-01  0.00000000e+00  0.00000000e+00  0.00000000e+00 -8.04079474e-08  4.38222122e-09  7.60257161e-08  1.00788362e-14 
 3.00000000e+01  2.20000000e-01  2.20000000e-01  0.00000000e+00  0.00000000e+00  0.00000000e+00 -8.29316238e-08  4.80624104e-09  7.81253727e-08  1.00871471e-14 
 3.00000000e+01  2.30000000e-01  2.30000000e-01  0.00000000e+00  0.00000000e+00  0.00000000e+00 -8.55302387e-08  5.25678211e-09  8.02734465e-08  1.00954657e-14 
 3.00000000e+01  2.40000000e-01  2.40000000e-01  0.00000000e+00  0.00000000e+00  0.00000000e+00 -8.82069545e-08  5.73494344e-09  8.24720010e-08  1.01039075e-14 
 3.00000000e+01  2.50000000e-01  2.50000000e-01  0.00000000e+00  0.00000000e+00  0.00000000e+00 -9.09648742e-08  6.24186130e-09  8.47230028e-08  1.01125552e-14 
 3.00000000e+01  2.60000000e-01  2.60000000e-01  0.00000000e+00  0.00000000e+00  0.00000000e+00 -9.38070716e-08  6.77871024e-09  8.70283513e-08  1.01214696e-14 
 3.00000000e+01  2.70000000e-01  2.70000000e-01  0.00000000e+00  0.00000000e+00  0.00000000e+00 -9.67366159e-08  7.34670431e-09  8.93899014e-08  1.01306967e-14 
 3.00000000e+01  2.80000000e-01  2.80000000e-01  0.00000000e+00  0.00000000e+00  0.00000000e+00 -9.97565893e-08  7.94709821e-09  9.18094809e-08  1.01402722e-14 
 3.00000000e+01  2.90000000e-01  2.90000000e-01  0.00000000e+00  0.00000000e+00  0.00000000e+00 -1.02870102e-07  8.58118853e-09  9.42889033e-08  1.01502256e-14 
 3.00000000e+01  3.00000000e-01  3.00000000e-01  0.00000000e+00  0.00000000e+00  0.00000000e+00 -1.06080304e-07  9.25031501e-09  9.68299790e-08  1.01605816e-14 
 3.00000000e+01  3.10000000e-01  3.10000000e-01  0.00000000e+00  0.00000000e+00  0.00000000e+00 -1.09390395e-07  9.95586178e-09  9.94345231e-08  1.01713624e-14 
 3.00000000e+01  3.20000000e-01  3.20000000e-01  0.00000000e+00  0.00000000e+00  0.00000000e+00 -1.12803632e-07  1.06992587e-08  1.02104363e-07  1.01825883e-14 
 3.00000000e+01  3.30000000e-01  3.30000000e-01  0.00000000e+00  0.00000000e+00  0.00000000e+00 -1.16323336e-07  1.14819829e-08  1.04841343e-07  1.01942786e-14 
 3.00000000e+01  3.40000000e-01  3.40000000e-01  0.00000000e+00  0.00000000e+00  0.00000000e+00 -1.19952901e-07  1.23055597e-08  1.07647331e-07  1.02064521e-14 
 3.00000000e+01  3.50000000e-01  3.50000000e-01  0.00000000e+00  0.00000000e+00  0.00000000e+00 -1.23695795e-07  1.31715646e-08  1.10524221e-07  1.02191273e-14 
 3.00000000e+01  3.60000000e-01  3.60000000e-01  0.00000000e+00  0.00000000e+00  0.00000000e+00 -1.27555569e-07  1.40816245e-08  1.13473935e-07  1.02323231e-14 
 3.00000000e+01  3.70000000e-01  3.70000000e-01  0.00000000e+00  0.00000000e+00  0.00000000e+00 -1.31535859e-07  1.50374191e-08  1.16498430e-07  1.02460582e-14 
 3.00000000e+01  3.80000000e-01  3.80000000e-01  0.00000000e+00  0.00000000e+00  0.00000000e+00 -1.35640391e-07  1.60406826e-08  1.19599698e-07  1.02603520e-14 
 3.00000000e+01  3.90000000e-01  3.90000000e-01  0.00000000e+00  0.00000000e+00  0.00000000e+00 -1.39872986e-07  1.70932055e-08  1.22779770e-07  1.02752243e-14 
 3.00000000e+01  4.00000000e-01  4.00000000e-01  0.00000000e+00  0.00000000e+00  0.00000000e+00 -1.44237563e-07  1.81968357e-08  1.26040717e-07  1.02906953e-14 
 3.00000000e+01  4.10000000e-01  4.10000000e-01  0.00000000e+00  0.00000000e+00  0.00000000e+00 -1.48738143e-07  1.93534809e-08  1.29384651e-07  1.03067859e-14 
 3.00000000e+01  4.20000000e-01  4.20000000e-01  0.00000000e+00  0.00000000e+00  0.00000000e+00 -1.53378852e-07  2.05651095e-08  1.32813732e-07  1.03235175e-14 
 3.00000000e+01  4.30000000e-01  4.30000000e-01  0.00000000e+00  0.00000000e+00  0.00000000e+00 -1.58163928e-07  2.18337533e-08  1.36330164e-07  1.03409122e-14 
 3.00000000e+01  4.40000000e-01  4.40000000e-01  0.00000000e+00  0.00000000e+00  0.00000000e+00 -1.63097718e-07  2.31615085e-08  1.39936200e-07  1.03589927e-14 
 3.00000000e+01  4.50000000e-01  4.50000000e-01  0.00000000e+00  0.00000000e+00  0.00000000e+00 -1.68184690e-07  2.45505382e-08  1.43634141e-07  1.03777827e-14 
 3.00000000e+01  4.60000000e-01  4.60000000e-01  0.00000000e+00  0.00000000e+00  0.00000000e+00 -1.73429428e-07  2.60030739e-08  1.47426344e-07  1.03973062e-14 
 3.00000000e+01  4.70000000e-01  4.70000000e-01  0.00000000e+00  0.00000000e+00  0.00000000e+00 -1.78836644e-07  2.75214179e-08  1.51315216e-07  1.04175882e-14 
 3.00000000e+01  4.80000000e-01  4.80000000e-01  0.00000000e+00  0.00000000e+00  0.00000000e+00 -1.84411174e-07  2.91079450e-08  1.55303219e-07  1.04386545e-14 
 3.00000000e+01  4.90000000e-01  4.90000000e-01  0.00000000e+00  0.00000000e+00  0.00000000e+00 -1.90157988e-07  3.07651045e-08  1.59392873e-07  1.04605315e-14 
 3.00000000e+01  5.00000000e-01  5.00000000e-01  0.00000000e+00  0.00000000e+00  0.00000000e+00 -1.96082189e-07  3.24954230e-08  1.63586756e-07  1.04832467e-14 
 3.00000000e+01  5.10000000e-01  5.10000000e-01  0.00000000e+00  0.00000000e+00  0.00000000e+00 -2.02189021e-07  3.43015057e-08  1.67887505e-07  1.05068283e-14 
 3.00000000e+01  5.20000000e-01  5.20000000e-01  0.00000000e+00  0.00000000e+00  0.00000000e+00 -2.08483869e-07  3.61860396e-08  1.72297819e-07  1.05313052e-14 
 3.00000000e+01  5.30000000e-01  5.30000000e-01  0.00000000e+00  0.00000000e+00  0.00000000e+00 -2.14972267e-07  3.81517951e-08  1.76820461e-07  1.05567076e-14 
 3.00000000e+01  5.40000000e-01  5.40000000e-01  0.00000000e+00  0.00000000e+00  0.00000000e+00 -2.21659896e-07  4.02016286e-08  1.81458257e-07  1.05830663e-14 
 3.00000000e+01  5.50000000e-01  5.50000000e-01  0.00000000e+00  0.00000000e+00  0.00000000e+00 -2.28552595e-07  4.23384854e-08  1.86214099e-07  1.06104131e-14 
 3.00000000e+01  5.60000000e-01  5.60000000e-01  0.00000000e+00  0.00000000e+00  0.00000000e+00 -2.35656362e-07  4.45654014e-08  1.91090950e-07  1.06387809e-14 
 3.00000000e+01  5.70000000e-01  5.70000000e-01  0.00000000e+00  0.00000000e+00  0.00000000e+00 -2.42977357e-07  4.68855066e-08  1.96091839e-07  1.06682035e-14 
 3.00000000e+01  5.80000000e-01  5.80000000e-01  0.00000000e+00  0.00000000e+00  0.00000000e+00 -2.50521907e-07  4.93020269e-08  2.01219870e-07  1.06987158e-14 
 3.00000000e+01  5.90000000e-01  5.90000000e-01  0.00000000e+00  0.00000000e+00  0.00000000e+00 -2.58296514e-07  5.18182877e-08  2.06478216e-07  1.07303537e-14 
 3.00000000e+01  6.00000000e-01  6.00000000e-01  0.00000000e+00  0.00000000e+00  0.00000000e+00 -2.66307855e-07  5.44377159e-08  2.11870128e-07  1.07631543e-14 
 3.00000000e+01  6.10000000e-01  6.10000000e-01  0.00000000e+00  0.00000000e+00  0.00000000e+00 -2.74562787e-07  5.71638434e-08  2.17398933e-07  1.07971556e-14 
 3.00000000e+01  6.20000000e-01  6.20000000e-01  0.00000000e+00  0.00000000e+00  0.00000000e+00 -2.83068357e-07  6.00003096e-08  2.23068036e-07  1.08323970e-14 
 3.00000000e+01  6.30000000e-01  6.30000000e-01  0.00000000e+00  0.00000000e+00  0.00000000e+00 -2.91831798e-07  6.29508649e-08  2.28880922e-07  1.08689190e-14 
 3.00000000e+01  6.40000000e-01  6.40000000e-01  0.00000000e+00  0.00000000e+00  0.00000000e+00 -3.00860544e-07  6.60193733e-08  2.34841160e-07  1.09067633e-14 
 3.00000000e+01  6.50000000e-01  6.50000000e-01  0.00000000e+00  0.00000000e+00  0.00000000e+00 -3.10162226e-07  6.92098163e-08  2.40952399e-07  1.09459729e-14 
 3.00000000e+01  6.60000000e-01  6.60000000e-01  0.00000000e+00  0.00000000e+00  0.00000000e+00 -3.19744685e-07  7.25262953e-08  2.47218379e-07  1.09865919e-14 
 3.00000000e+01  6.70000000e-01  6.70000000e-01  0.00000000e+00  0.00000000e+00  0.00000000e+00 -3.29615971e-07  7.59730359e-08  2.53642924e-07  1.10286661e-14 
 3.00000000e+01  6.80000000e-01  6.80000000e-01  0.00000000e+00  0.00000000e+00  0.00000000e+00 -3.39784352e-07  7.95543906e-08  2.60229950e-07  1.10722422e-14 
 3.00000000e+01  6.90000000e-01  6.90000000e-01  0.00000000e+00  0.00000000e+00  0.00000000e+00 -3.50258319e-07  8.32748430e-08  2.66983465e-07  1.11173687e-14 
 3.00000000e+01  7.00000000e-01  7.00000000e-01  0.00000000e+00  0.00000000e+00  0.00000000e+00 -3.61046592e-07  8.71390109e-08  2.73907570e-07  1.11640954e-14 
 3.00000000e+01  7.10000000e-01  7.10000000e-01  0.00000000e+00  0.00000000e+00  0.00000000e+00 -3.72158125e-07  9.11516504e-08  2.81006464e-07  1.12124735e-14 
 3.00000000e+01  7.20000000e-01  7.20000000e-01  0.00000000e+00  0.00000000e+00  0.00000000e+00 -3.83602113e-07  9.53176597e-08  2.88284442e-07  1.12625557e-14 
 3.00000000e+01  7.30000000e-01  7.30000000e-01  0.00000000e+00  0.00000000e+00  0.00000000e+00 -3.95387996e-07  9.96420831e-08  2.95745901e-07  1.13143965e-14 
 3.00000000e+01  7.40000000e-01  7.40000000e-01  0.00000000e+00  0.00000000e+00  0.00000000e+00 -4.07525468e-07  1.04130115e-07  3.03395342e-07  1.13680517e-14 
 3.00000000e+01  7.50000000e-01  7.50000000e-01  0.00000000e+00  0.00000000e+00  0.00000000e+00 -4.20024483e-07  1.08787104e-07  3.11237368e-07  1.14235789e-14 
 3.00000000e+01  7.60000000e-01  7.60000000e-01  0.00000000e+00  0.00000000e+00  0.00000000e+00 -4.32895261e-07  1.13618556e-07  3.19276693e-07  1.14810375e-14 
 3.00000000e+01  7.70000000e-01  7.70000000e-01  0.00000000e+00  0.00000000e+00  0.00000000e+00 -4.46148294e-07  1.18630143e-07  3.27518139e-07  1.15404883e-14 
 3.00000000e+01  7.80000000e-01  7.80000000e-01  0.00000000e+00  0.00000000e+00  0.00000000e+00 -4.59794354e-07  1.23827702e-07  3.35966641e-07  1.16019943e-14 
 3.00000000e+01  7.90000000e-01  7.90000000e-01  0.00000000e+00  0.00000000e+00  0.00000000e+00 -4.73844500e-07  1.29217241e-07  3.44627247e-07  1.16656201e-14 
 3.00000000e+01  8.00000000e-01  8.00000000e-01  0.00000000e+00  0.00000000e+00  0.00000000e+00 -4.88310085e-07  1.34804948e-07  3.53505125e-07  1.17314321e-14 
 3.00000000e+01  8.10000000e-01  8.10000000e-01  0.00000000e+00  0.00000000e+00  0.00000000e+00 -5.03202765e-07  1.40597191e-07  3.62605562e-07  1.17994988e-14 
 3.00000000e+01  8.20000000e-01  8.20000000e-01  0.00000000e+00  0.00000000e+00  0.00000000e+00 -5.18534502e-07  1.46600524e-07  3.71933967e-07  1.18698906e-14 
 3.00000000e+01  8.30000000e-01  8.30000000e-01  0.00000000e+00  0.00000000e+00  0.00000000e+00 -5.34317580e-07  1.52821694e-07  3.81495874e-07  1.19426800e-14 
 3.00000000e+01  8.40000000e-01  8.40000000e-01  0.00000000e+00  0.00000000e+00  0.00000000e+00 -5.50564604e-07  1.59267645e-07  3.91296947e-07  1.20179416e-14 
 3.00000000e+01  8.50000000e-01  8.50000000e-01  0.00000000e+00  0.00000000e+00  0.00000000e+00 -5.67288514e-07  1.65945522e-07  4.01342979e-07  1.20957520e-14 
 3.00000000e+01  8.60000000e-01  8.60000000e-01  0.00000000e+00  0.00000000e+00  0.00000000e+00 -5.84502591e-07  1.72862681e-07  4.11639898e-07  1.21761901e-14 
 3.00000000e+01  8.70000000e-01  8.70000000e-01  0.00000000e+00  0.00000000e+00  0.00000000e+00 -6.02220469e-07  1.80026689e-07  4.22193767e-07  1.22593372e-14 
 3.00000000e+01  8.80000000e-01  8.80000000e-01  0.00000000e+00  0.00000000e+00  0.00000000e+00 -6.20456137e-07  1.87445334e-07  4.33010791e-07  1.23452767e-14 
 3.00000000e+01  8.90000000e-01  8.90000000e-01  0.00000000e+00  0.00000000e+00  0.00000000e+00 -6.39223957e-07  1.95126629e-07  4.44097316e-07  1.24340945e-14 
 3.00000000e+01  9.00000000e-01  9.00000000e-01  0.00000000e+00  0.00000000e+00  0.00000000e+00 -6.58538665e-07  2.03078819e-07  4.55459833e-07  1.25258789e-14 
 3.00000000e+01  9.10000000e-01  9.10000000e-01  0.00000000e+00  0.00000000e+00  0.00000000e+00 -6.78415385e-07  2.11310387e-07  4.67104985e-07  1.26207207e-14 
 3.00000000e+01  9.20000000e-01  9.20000000e-01  0.00000000e+00  0.00000000e+00  0.00000000e+00 -6.98869640e-07  2.19830061e-07  4.79039566e-07  1.27187135e-14 
 3.00000000e+01  9.30000000e-01  9.30000000e-01  0.00000000e+00  0.00000000e+00  0.00000000e+00 -7.19917357e-07  2.28646820e-07  4.91270523e-07  1.33982200e-14 
 3.00000000e+01  9.40000000e-01  9.40000000e-01  0.00000000e+00  0.00000000e+00  0.00000000e+00 -7.41574882e-07  2.37769900e-07  5.03804966e-07  1.51383394e-14 
 3.00000000e+01  9.50000000e-01  9.50000000e-01  0.00000000e+00  0.00000000e+00  0.00000000e+00 -7.63858987e-07  2.47208804e-07  5.16650166e-07  1.77050198e-14 
 3.00000000e+01  9.60000000e-01  9.60000000e-01  0.00000000e+00  0.00000000e+00  0.00000000e+00 -7.86786885e-07  2.56973304e-07  5.29813559e-07  2.14704078e-14 
 3.00000000e+01  9.70000000e-01  9.70000000e-01  0.00000000e+00  0.00000000e+00  0.00000000e+00 -8.10376235e-07  2.67073456e-07  5.43302752e-07  2.70249245e-14 
 3.00000000e+01  9.80000000e-01  9.80000000e-01  0.00000000e+00  0.00000000e+00  0.00000000e+00 -8.34645159e-07  2.77519599e-07  5.57125525e-07  3.55798135e-14 
 3.00000000e+01  9.90000000e-01  9.90000000e-01  0.00000000e+00  0.00000000e+00  0.00000000e+00 -8.59612254e-07  2.88322369e-07  5.71289834e-07  5.05874742e-14 
 3.00000000e+01  1.00000000e+00  1.00000000e+00  0.00000000e+00  0.00000000e+00  0.00000000e+00 -8.85296608e-07  2.99492705e-07  5.85803819e-07  8.35443947e-14 
 3.00000000e+01  1.01000000e+00  1.01000000e+00  0.00000000e+00  0.00000000e+00  0.00000000e+00 -9.11717829e-07  3.11041856e-07  6.00675801e-07  1.72070652e-13 
 3.00000000e+01  1.02000000e+00  1.02000000e+00  0.00000000e+00  0.00000000e+00  0.00000000e+00 -9.38896114e-07  3.22981391e-07  6.15914294e-07  4.29372639e-13 
 3.00000000e+01  1.03000000e+00  1.03000000e+00  0.00000000e+00  0.00000000e+00  0.00000000e+00 -9.66852373e-07  3.35323206e-07  6.31528002e-07  1.16485113e-12 
 3.00000000e+01  1.04000000e+00  1.04000000e+00  0.00000000e+00  0.00000000e+00  0.00000000e+00 -9.95608513e-07  3.48079535e-07  6.47525828e-07  3.15000133e-12 
 3.00000000e+01  1.05000000e+00  1.05000000e+00  0.00000000e+00  0.00000000e+00  0.00000000e+00 -1.02518799e-06  3.61262956e-07  6.63916878e-07  8.15519876e-12 
 3.00000000e+01  1.06000000e+00  1.06000000e+00  0.00000000e+00  0.00000000e+00  0.00000000e+00 -1.05561682e-06  3.74886406e-07  6.80710460e-07  1.99528139e-11 
 3.00000000e+01  1.07000000e+00  1.07000000e+00  0.00000000e+00  0.00000000e+00  0.00000000e+00 -1.08692535e-06  3.88963181e-07  6.97916097e-07  4.60686994e-11 
 3.00000000e+01  1.08000000e+00  1.08000000e+00  0.00000000e+00  0.00000000e+00  0.00000000e+00 -1.11915114e-06  4.03506957e-07  7.15543526e-07  1.00662394e-10 
 3.00000000e+01  1.09000000e+00  1.09000000e+00  0.00000000e+00  0.00000000e+00  0.00000000e+00 -1.15234351e-06  4.18531789e-07  7.33602703e-07  2.09018288e-10 
 3.00000000e+01  1.10000000e+00  1.10000000e+00  0.00000000e+00  0.00000000e+00  0.00000000e+00 -1.18657016e-06  4.34052130e-07  7.52103809e-07  4.14225302e-10 
 3.00000000e+01  1.11000000e+00  1.11000000e+00  0.00000000e+00  0.00000000e+00  0.00000000e+00 -1.22192680e-06  4.50082838e-07  7.71057258e-07  7.86700644e-10 
 3.00000000e+01  1.12000000e+00  1.12000000e+00  0.00000000e+00  0.00000000e+00  0.00000000e+00 -1.25855015e-06  4.66639185e-07  7.90473696e-07  1.43726389e-09 
 3.00000000e+01  1.13000000e+00  1.13000000e+00  0.00000000e+00  0.00000000e+00  0.00000000e+00 -1.29663537e-06  4.83736872e-07  8.10364011e-07  2.53448349e-09 
 3.00000000e+01  1.14000000e+00  1.14000000e+00  0.00000000e+00  0.00000000e+00  0.00000000e+00 -1.33645837e-06  5.01392038e-07  8.30739338e-07  4.32699417e-09 
 3.00000000e+01  1.15000000e+00  1.15000000e+00  0.00000000e+00  0.00000000e+00  0.00000000e+00 -1.37840375e-06  5.19621270e-07  8.51611063e-07  7.17141942e-09 
 3.00000000e+01  1.16000000e+00  1.16000000e+00  0.00000000e+00  0.00000000e+00  0.00000000e+00 -1.42299888e-06  5.38441619e-07  8.72990831e-07  1.15664308e-08 
 3.00000000e+01  1.17000000e+00  1.17000000e+00  0.00000000e+00  0.00000000e+00  0.00000000e+00 -1.47095450e-06  5.57870610e-07  8.94890550e-07  1.81933409e-08 
 3.00000000e+01  1.18000000e+00  1.18000000e+00  0.00000000e+00  0.00000000e+00  0.00000000e+00 -1.52321212e-06  5.77926254e-07  9.17322402e-07  2.79634645e-08 
 3.00000000e+01  1.19000000e+00  1.19000000e+00  0.00000000e+00  0.00000000e+00  0.00000000e+00 -1.58099821e-06  5.98627062e-07  9.40298845e-07  4.20723074e-08 
 3.00000000e+01  1.20000000e+00  1.20000000e+00  0.00000000e+00  0.00000000e+00  0.00000000e+00 -1.64588513e-06  6.19992058e-07  9.63832622e-07  6.20604545e-08 
