 3.00000000e+01  1.00000000e-02  1.00000000e-02  0.00000000e+00  0.00000000e+00  0.00000000e+00 -2.81759029e-08  1.31244887e-10  2.80446548e-08  3.17932166e-15 
 3.00000000e+01  2.00000000e-02  2.00000000e-02  0.00000000e+00  0.00000000e+00  0.00000000e+00 -5.01263423e-08  2.83198949e-10  4.98431380e-08  5.34953893e-15 
 3.00000000e+01  3.00000000e-02  3.00000000e-02  0.00000000e+00  0.00000000e+00  0.00000000e+00 -6.65542868e-08  4.56924603e-10  6.60973553e-08  6.83087166e-15 
 3.00000000e+01  4.00000000e-02  4.00000000e-02  0.00000000e+00  0.00000000e+00  0.00000000e+00 -7.85266014e-08  6.53523029e-10  7.78730706e-08  7.84279947e-15 
 3.00000000e+01  5.00000000e-02  5.00000000e-02  0.00000000e+00  0.00000000e+00  0.00000000e+00 -8.72968660e-08  8.74135558e-10  8.64227219e-08  8.53492847e-15 
 3.00000000e+01  6.00000000e-02  6.00000000e-02  0.00000000e+00  0.00000000e+00  0.00000000e+00 -9.40050448e-08  1.11994504e-09  9.28850908e-08  9.00919643e-15 
 3.00000000e+01  7.00000000e-02  7.00000000e-02  0.00000000e+00  0.00000000e+00  0.00000000e+00 -9.94853357e-08  1.39217725e-09  9.80931491e-08  9.33506190e-15 
 3.00000000e+01  8.00000000e-02  8.00000000e-02  0.00000000e+00  0.00000000e+00  0.00000000e+00 -1.04266609e-07  1.69210228e-09  1.02574497e-07  9.55986975e-15 
 3.00000000e+01  9.00000000e-02  9.00000000e-02  0.00000000e+00  0.00000000e+00  0.00000000e+00 -1.08662314e-07  2.02103600e-09  1.06641268e-07  9.71590404e-15 
 3.00000000e+01  1.00000000e-01  1.00000000e-01  0.00000000e+00  0.00000000e+00  0.00000000e+00 -1.12856086e-07  2.38034150e-09  1.10475734e-07  9.82518490e-15 
 3.00000000e+01  1.10000000e-01  1.10000000e-01  0.00000000e+00  0.00000000e+00  0.00000000e+00 -1.16957798e-07  2.77143062e-09  1.14186358e-07  9.90273442e-15 
 3.00000000e+01  1.20000000e-01  1.20000000e-01  0.00000000e+00  0.00000000e+00  0.00000000e+00 -1.21035718e-07  3.19576547e-09  1.17839942e-07  9.95880243e-15 
 3.00000000e+01  1.30000000e-01  1.30000000e-01  0.00000000e+00  0.00000000e+00  0.00000000e+00 -1.25134219e-07  3.65486002e-09  1.21479349e-07  1.00003842e-14 
 3.00000000e+01  1.40000000e-01  1.40000000e-01  0.00000000e+00  0.00000000e+00  0.00000000e+00 -1.29283577e-07  4.15028170e-09  1.25133285e-07  1.00322556e-14 
 3.00000000e+01  1.50000000e-01  1.50000000e-01  0.00000000e+00  0.00000000e+00  0.00000000e+00 -1.33505485e-07  4.68365310e-09  1.28821822e-07  1.00576791e-14 
 3.00000000e+01  1.60000000e-01  1.60000000e-01  0.00000000e+00  0.00000000e+00  0.00000000e+00 -1.37816261e-07  5.25665366e-09  1.32559597e-07  1.00788853e-14 
 3.00000000e+01  1.70000000e-01  1.70000000e-01  0.00000000e+00  0.00000000e+00  0.00000000e+00 -1.42228764e-07  5.87102141e-09  1.36357733e-07  1.00974014e-14 
 3.00000000e+01  1.80000000e-01  1.80000000e-01  0.00000000e+00  0.00000000e+00  0.00000000e+00 -1.46753582e-07  6.52855480e-09  1.40225017e-07  1.01142753e-14 
 3.00000000e+01  1.90000000e-01  1.90000000e-01  0.00000000e+00  0.00000000e+00  0.00000000e+00 -1.51399776e-07  7.23111455e-09  1.44168652e-07  1.01302280e-14 
 3.00000000e+01  2.00000000e-01  2.00000000e-01  0.00000000e+00  0.00000000e+00  0.00000000e+00 -1.56175383e-07  7.98062554e-09  1.48194747e-07  1.01457583e-14 
 3.00000000e+01  2.10000000e-01  2.10000000e-01  0.00000000e+00  0.00000000e+00  0.00000000e+00 -1.61087732e-07  8.77907877e-09  1.52308643e-07  1.01612133e-14 
 3.00000000e+01  2.20000000e-01  2.20000000e-01  0.00000000e+00  0.00000000e+00  0.00000000e+00 -1.66143681e-07  9.62853342e-09  1.56515137e-07  1.01768374e-14 
 3.00000000e+01  2.30000000e-01  2.30000000e-01  0.00000000e+00  0.00000000e+00  0.00000000e+00 -1.71349770e-07  1.05311188e-08  1.60818641e-07  1.01928048e-14 
 3.00000000e+01  2.40000000e-01  2.40000000e-01  0.00000000e+00  0.00000000e+00  0.00000000e+00 -1.76712335e-07  1.14890367e-08  1.65223288e-07  1.02092425e-14 
 3.00000000e+01  2.50000000e-01  2.50000000e-01  0.00000000e+00  0.00000000e+00  0.00000000e+00 -1.82237593e-07  1.25045634e-08  1.69733019e-07  1.02262453e-14 
 3.00000000e+01  2.60000000e-01  2.60000000e-01  0.00000000e+00  0.00000000e+00  0.00000000e+00 -1.87931703e-07  1.35800517e-08  1.74351641e-07  1.02438866e-14 
 3.00000000e+01  2.70000000e-01  2.70000000e-01  0.00000000e+00  0.00000000e+00  0.00000000e+00 -1.93800815e-07  1.47179339e-08  1.79082871e-07  1.02622253e-14 
 3.00000000e+01  2.80000000e-01  2.80000000e-01  0.00000000e+00  0.00000000e+00  0.00000000e+00 -1.99851105e-07  1.59207234e-08  1.83930371e-07  1.02813108e-14 
 3.00000000e+01  2.90000000e-01  2.90000000e-01  0.00000000e+00  0.00000000e+00  0.00000000e+00 -2.06088805e-07  1.71910178e-08  1.88897777e-07  1.03011866e-14 
 3.00000000e+01  3.00000000e-01  3.00000000e-01  0.00000000e+00  0.00000000e+00  0.00000000e+00 -2.12520226e-07  1.85315009e-08  1.93988715e-07  1.03218919e-14 
 3.00000000e+01  3.10000000e-01  3.10000000e-01  0.00000000e+00  0.00000000e+00  0.00000000e+00 -2.19151780e-07  1.99449455e-08  1.99206824e-07  1.03434639e-14 
 3.00000000e+01  3.20000000e-01  3.20000000e-01  0.00000000e+00  0.00000000e+00  0.00000000e+00 -2.25989993e-07  2.14342161e-08  2.04555767e-07  1.03659384e-14 
 3.00000000e+01  3.30000000e-01  3.30000000e-01  0.00000000e+00  0.00000000e+00  0.00000000e+00 -2.33041521e-07  2.30022715e-08  2.10039240e-07  1.03893508e-14 
 3.00000000e+01  3.40000000e-01  3.40000000e-01  0.00000000e+00  0.00000000e+00  0.00000000e+00 -2.40313164e-07  2.46521678e-08  2.15660985e-07  1.04137365e-14 
 3.00000000e+01  3.50000000e-01  3.50000000e-01  0.00000000e+00  0.00000000e+00  0.00000000e+00 -2.47811871e-07  2.63870609e-08  2.21424799e-07  1.04391312e-14 
 3.00000000e+01  3.60000000e-01  3.60000000e-01  0.00000000e+00  0.00000000e+00  0.00000000e+00 -2.55544757e-07  2.82102099e-08  2.27334537e-07  1.04655715e-14 
 3.00000000e+01  3.70000000e-01  3.70000000e-01  0.00000000e+00  0.00000000e+00  0.00000000e+00 -2.63519110e-07  3.01249798e-08  2.33394119e-07  1.04930944e-14 
 3.00000000e+01  3.80000000e-01  3.80000000e-01  0.00000000e+00  0.00000000e+00  0.00000000e+00 -2.71742395e-07  3.21348448e-08  2.39607540e-07  1.05217382e-14 
 3.00000000e+01  3.90000000e-01  3.90000000e-01  0.00000000e+00  0.00000000e+00  0.00000000e+00 -2.80222271e-07  3.42433914e-08  2.45978870e-07  1.05515422e-14 
 3.00000000e+01  4.00000000e-01  4.00000000e-01  0.00000000e+00  0.00000000e+00  0.00000000e+00 -2.88966591e-07  3.64543217e-08  2.52512259e-07  1.05825467e-14 
 3.00000000e+01  4.10000000e-01  4.10000000e-01  0.00000000e+00  0.00000000e+00  0.00000000e+00 -2.97983412e-07  3.87714570e-08  2.59211945e-07  1.06147935e-14 
 3.00000000e+01  4.20000000e-01  4.20000000e-01  0.00000000e+00  0.00000000e+00  0.00000000e+00 -3.07281005e-07  4.11987410e-08  2.66082253e-07  1.06483253e-14 
 3.00000000e+01  4.30000000e-01  4.30000000e-01  0.00000000e+00  0.00000000e+00  0.00000000e+00 -3.16867859e-07  4.37402433e-08  2.73127605e-07  1.06831864e-14 
 3.00000000e+01  4.40000000e-01  4.40000000e-01  0.00000000e+00  0.00000000e+00  0.00000000e+00 -3.26752690e-07  4.64001636e-08  2.80352516e-07  1.07194225e-14 
 3.00000000e+01  4.50000000e-01  4.50000000e-01  0.00000000e+00  0.00000000e+00  0.00000000e+00 -3.36944448e-07  4.91828348e-08  2.87761602e-07  1.07570806e-14 
 3.00000000e+01  4.60000000e-01  4.60000000e-01  0.00000000e+00  0.00000000e+00  0.00000000e+00 -3.47452324e-07  5.20927274e-08  2.95359586e-07  1.07962091e-14 
 3.00000000e+01  4.70000000e-01  4.70000000e-01  0.00000000e+00  0.00000000e+00  0.00000000e+00 -3.58285757e-07  5.51344530e-08  3.03151293e-07  1.08368581e-14 
 3.00000000e+01  4.80000000e-01  4.80000000e-01  0.00000000e+00  0.00000000e+00  0.00000000e+00 -3.69454444e-07  5.83127691e-08  3.11141664e-07  1.08790792e-14 
 3.00000000e+01  4.90000000e-01  4.90000000e-01  0.00000000e+00  0.00000000e+00  0.00000000e+00 -3.80968343e-07  6.16325824e-08  3.19335749e-07  1.09229256e-14 
 3.00000000e+01  5.00000000e-01  5.00000000e-01  0.00000000e+00  0.00000000e+00  0.00000000e+00 -3.92837683e-07  6.50989537e-08  3.27738718e-07  1.09684521e-14 
 3.00000000e+01  5.10000000e-01  5.10000000e-01  0.00000000e+00  0.00000000e+00  0.00000000e+00 -4.05072973e-07  6.87171024e-08  3.36355860e-07  1.10157153e-14 
 3.00000000e+01  5.20000000e-01  5.20000000e-01  0.00000000e+00  0.00000000e+00  0.00000000e+00 -4.17685008e-07  7.24924105e-08  3.45192586e-07  1.10647735e-14 
 3.00000000e+01  5.30000000e-01  5.30000000e-01  0.00000000e+00  0.00000000e+00  0.00000000e+00 -4.30684876e-07  7.64304278e-08  3.54254437e-07  1.11156868e-14 
 3.00000000e+01  5.40000000e-01  5.40000000e-01  0.00000000e+00  0.00000000e+00  0.00000000e+00 -4.44083968e-07  8.05368766e-08  3.63547080e-07  1.11685172e-14 
 3.00000000e+01  5.50000000e-01  5.50000000e-01  0.00000000e+00  0.00000000e+00  0.00000000e+00 -4.57893987e-07  8.48176563e-08  3.73076319e-07  1.12233286e-14 
 3.00000000e+01  5.60000000e-01  5.60000000e-01  0.00000000e+00  0.00000000e+00  0.00000000e+00 -4.72126953e-07  8.92788488e-08  3.82848093e-07  1.12801867e-14 
 3.00000000e+01  5.70000000e-01  5.70000000e-01  0.00000000e+00  0.00000000e+00  0.00000000e+00 -4.86795215e-07  9.39267236e-08  3.92868480e-07  1.13391595e-14 
 3.00000000e+01  5.80000000e-01  5.80000000e-01  0.00000000e+00  0.00000000e+00  0.00000000e+00 -5.01911458e-07  9.87677433e-08  4.03143703e-07  1.14003168e-14 
 3.00000000e+01  5.90000000e-01  5.90000000e-01  0.00000000e+00  0.00000000e+00  0.00000000e+00 -5.17488712e-07  1.03808568e-07  4.13680132e-07  1.14637308e-14 
 3.00000000e+01  6.00000000e-01  6.00000000e-01  0.00000000e+00  0.00000000e+00  0.00000000e+00 -5.33540361e-07  1.09056064e-07  4.24484285e-07  1.15294757e-14 
 3.00000000e+01  6.10000000e-01  6.10000000e-01  0.00000000e+00  0.00000000e+00  0.00000000e+00 -5.50080155e-07  1.14517305e-07  4.35562838e-07  1.15976281e-14 
 3.00000000e+01  6.20000000e-01  6.20000000e-01  0.00000000e+00  0.00000000e+00  0.00000000e+00 -5.67122215e-07  1.20199581e-07  4.46922622e-07  1.16682667e-14 
 3.00000000e+01  6.30000000e-01  6.30000000e-01  0.00000000e+00  0.00000000e+00  0.00000000e+00 -5.84681047e-07  1.26110406e-07  4.58570630e-07  1.17414728e-14 
 3.00000000e+01  6.40000000e-01  6.40000000e-01  0.00000000e+00  0.00000000e+00  0.00000000e+00 -6.02771550e-07  1.32257518e-07  4.70514020e-07  1.18173300e-14 
 3.00000000e+01  6.50000000e-01  6.50000000e-01  0.00000000e+00  0.00000000e+00  0.00000000e+00 -6.21409025e-07  1.38648894e-07  4.82760120e-07  1.18959246e-14 
 3.00000000e+01  6.60000000e-01  6.60000000e-01  0.00000000e+00  0.00000000e+00  0.00000000e+00 -6.40609190e-07  1.45292748e-07  4.95316429e-07  1.19773453e-14 
 3.00000000e+01  6.70000000e-01  6.70000000e-01  0.00000000e+00  0.00000000e+00  0.00000000e+00 -6.60388185e-07  1.52197546e-07  5.08190627e-07  1.20616836e-14 
 3.00000000e+01  6.80000000e-01  6.80000000e-01  0.00000000e+00  0.00000000e+00  0.00000000e+00 -6.80762587e-07  1.59372005e-07  5.21390570e-07  1.21490337e-14 
 3.00000000e+01  6.90000000e-01  6.90000000e-01  0.00000000e+00  0.00000000e+00  0.00000000e+00 -7.01749421e-07  1.66825106e-07  5.34924304e-07  1.22394925e-14 
 3.00000000e+01  7.00000000e-01  7.00000000e-01  0.00000000e+00  0.00000000e+00  0.00000000e+00 -7.23366171e-07  1.74566099e-07  5.48800059e-07  1.23331599e-14 
 3.00000000e+01  7.10000000e-01  7.10000000e-01  0.00000000e+00  0.00000000e+00  0.00000000e+00 -7.45630789e-07  1.82604511e-07  5.63026265e-07  1.24301389e-14 
 3.00000000e+01  7.20000000e-01  7.20000000e-01  0.00000000e+00  0.00000000e+00  0.00000000e+00 -7.68561711e-07  1.90950153e-07  5.77611545e-07  1.25305352e-14 
 3.00000000e+01  7.30000000e-01  7.30000000e-01  0.00000000e+00  0.00000000e+00  0.00000000e+00 -7.92177869e-07  1.99613129e-07  5.92564728e-07  1.26344580e-14 
 3.00000000e+01  7.40000000e-01  7.40000000e-01  0.00000000e+00  0.00000000e+00  0.00000000e+00 -8.16498703e-07  2.08603843e-07  6.07894847e-07  1.27420195e-14 
 3.00000000e+01  7.50000000e-01  7.50000000e-01  0.00000000e+00  0.00000000e+00  0.00000000e+00 -8.41544171e-07  2.17933007e-07  6.23611151e-07  1.28533353e-14 
 3.00000000e+01  7.60000000e-01  7.60000000e-01  0.00000000e+00  0.00000000e+00  0.00000000e+00 -8.67334768e-07  2.27611654e-07  6.39723102e-07  1.29685243e-14 
 3.00000000e+01  7.70000000e-01  7.70000000e-01  0.00000000e+00  0.00000000e+00  0.00000000e+00 -8.93891536e-07  2.37651139e-07  6.56240384e-07  1.30877091e-14 
 3.00000000e+01  7.80000000e-01  7.80000000e-01  0.00000000e+00  0.00000000e+00  0.00000000e+00 -9.21236079e-07  2.48063155e-07  6.73172910e-07  1.32110156e-14 
 3.00000000e+01  7.90000000e-01  7.90000000e-01  0.00000000e+00  0.00000000e+00  0.00000000e+00 -9.49390575e-07  2.58859738e-07  6.90530823e-07  1.33385737e-14 
 3.00000000e+01  8.00000000e-01  8.00000000e-01  0.00000000e+00  0.00000000e+00  0.00000000e+00 -9.78377795e-07  2.70053280e-07  7.08324501e-07  1.34705168e-14 
 3.00000000e+01  8.10000000e-01  8.10000000e-01  0.00000000e+00  0.00000000e+00  0.00000000e+00 -1.00822112e-06  2.81656535e-07  7.26564567e-07  1.36069824e-14 
 3.00000000e+01  8.20000000e-01  8.20000000e-01  0.00000000e+00  0.00000000e+00  0.00000000e+00 -1.03894453e-06  2.93682632e-07  7.45261889e-07  1.37481119e-14 
 3.00000000e+01  8.30000000e-01  8.30000000e-01  0.00000000e+00  0.00000000e+00  0.00000000e+00 -1.07057269e-06  3.06145082e-07  7.64427590e-07  1.38940508e-14 
 3.00000000e+01  8.40000000e-01  8.40000000e-01  0.00000000e+00  0.00000000e+00  0.00000000e+00 -1.10313086e-06  3.19057794e-07  7.84073049e-07  1.40449489e-14 
 3.00000000e+01  8.50000000e-01  8.50000000e-01  0.00000000e+00  0.00000000e+00  0.00000000e+00 -1.13664501e-06  3.32435081e-07  8.04209912e-07  1.42009601e-14 
 3.00000000e+01  8.60000000e-01  8.60000000e-01  0.00000000e+00  0.00000000e+00  0.00000000e+00 -1.17114178e-06  3.46291671e-07  8.24850092e-07  1.43622429e-14 
 3.00000000e+01  8.70000000e-01  8.70000000e-01  0.00000000e+00  0.00000000e+00  0.00000000e+00 -1.20664852e-06  3.60642721e-07  8.46005782e-07  1.45289605e-14 
 3.00000000e+01  8.80000000e-01  8.80000000e-01  0.00000000e+00  0.00000000e+00  0.00000000e+00 -1.24319330e-06  3.75503830e-07  8.67689453e-07  1.47012805e-14 
 3.00000000e+01  8.90000000e-01  8.90000000e-01  0.00000000e+00  0.00000000e+00  0.00000000e+00 -1.28080493e-06  3.90891045e-07  8.89913869e-07  1.48793754e-14 
 3.00000000e+01  9.00000000e-01  9.00000000e-01  0.00000000e+00  0.00000000e+00  0.00000000e+00 -1.31951298e-06  4.06820879e-07  9.12692084e-07  1.50634228e-14 
 3.00000000e+01  9.10000000e-01  9.10000000e-01  0.00000000e+00  0.00000000e+00  0.00000000e+00 -1.35934780e-06  4.23310322e-07  9.36037458e-07  1.52536051e-14 
 3.00000000e+01  9.20000000e-01  9.20000000e-01  0.00000000e+00  0.00000000e+00  0.00000000e+00 -1.40034052e-06  4.40376852e-07  9.59963657e-07  1.54501102e-14 
 3.00000000e+01  9.30000000e-01  9.30000000e-01  0.00000000e+00  0.00000000e+00  0.00000000e+00 -1.44252313e-06  4.58038450e-07  9.84484661e-07  1.68116358e-14 
 3.00000000e+01  9.40000000e-01  9.40000000e-01  0.00000000e+00  0.00000000e+00  0.00000000e+00 -1.48592841e-06  4.76313616e-07  1.00961477e-06  2.02988021e-14 
 3.00000000e+01  9.50000000e-01  9.50000000e-01  0.00000000e+00  0.00000000e+00  0.00000000e+00 -1.53059003e-06  4.95221378e-07  1.03536863e-06  2.54424056e-14 
 3.00000000e+01  9.60000000e-01  9.60000000e-01  0.00000000e+00  0.00000000e+00  0.00000000e+00 -1.57654253e-06  5.14781309e-07  1.06176119e-06  3.29881714e-14 
 3.00000000e+01  9.70000000e-01  9.70000000e-01  0.00000000e+00  0.00000000e+00  0.00000000e+00 -1.62382136e-06  5.35013542e-07  1.08880778e-06  4.41186308e-14 
 3.00000000e+01  9.80000000e-01  9.80000000e-01  0.00000000e+00  0.00000000e+00  0.00000000e+00 -1.67246290e-06  5.55938786e-07  1.11652405e-06  6.12568998e-14 
 3.00000000e+01  9.90000000e-01  9.90000000e-01  0.00000000e+00  0.00000000e+00  0.00000000e+00 -1.72250446e-06  5.77578338e-07  1.14492603e-06  9.13013204e-14 
 3.00000000e+01  1.00000000e+00  1.00000000e+00  0.00000000e+00  0.00000000e+00  0.00000000e+00 -1.77398437e-06  5.99954103e-07  1.17403011e-06  1.57210128e-13 
 3.00000000e+01  1.01000000e+00  1.01000000e+00  0.00000000e+00  0.00000000e+00  0.00000000e+00 -1.82694200e-06  6.23088608e-07  1.20385306e-06  3.34097746e-13 
 3.00000000e+01  1.02000000e+00  1.02000000e+00  0.00000000e+00  0.00000000e+00  0.00000000e+00 -1.88141789e-06  6.47005017e-07  1.23441202e-06  8.47998573e-13 
 3.00000000e+01  1.03000000e+00  1.03000000e+00  0.00000000e+00  0.00000000e+00  0.00000000e+00 -1.93745401e-06  6.71727154e-07  1.26572454e-06  2.31671153e-12 
 3.00000000e+01  1.04000000e+00  1.04000000e+00  0.00000000e+00  0.00000000e+00  0.00000000e+00 -1.99509436e-06  6.97279514e-07  1.29780857e-06  6.28082594e-12 
 3.00000000e+01  1.05000000e+00  1.05000000e+00  0.00000000e+00  0.00000000e+00  0.00000000e+00 -2.05438601e-06  7.23687285e-07  1.33068245e-06  1.62758108e-11 
 3.00000000e+01  1.06000000e+00  1.06000000e+00  0.00000000e+00  0.00000000e+00  0.00000000e+00 -2.11538116e-06  7.50976367e-07  1.36436496e-06  3.98356068e-11 
 3.00000000e+01  1.07000000e+00  1.07000000e+00  0.00000000e+00  0.00000000e+00  0.00000000e+00 -2.17814068e-06  7.79173386e-07  1.39887530e-06  9.19912009e-11 
 3.00000000e+01  1.08000000e+00  1.08000000e+00  0.00000000e+00  0.00000000e+00  0.00000000e+00 -2.24273987e-06  8.08305722e-07  1.43423312e-06  2.01024097e-10 
 3.00000000e+01  1.09000000e+00  1.09000000e+00  0.00000000e+00  0.00000000e+00  0.00000000e+00 -2.30927746e-06  8.38401518e-07  1.47045850e-06  4.17438226e-10 
 3.00000000e+01  1.10000000e+00  1.10000000e+00  0.00000000e+00  0.00000000e+00  0.00000000e+00 -2.37788901e-06  8.69489712e-07  1.50757199e-06  8.27304360e-10 
 3.00000000e+01  1.11000000e+00  1.11000000e+00  0.00000000e+00  0.00000000e+00  0.00000000e+00 -2.44876594e-06  9.01600050e-07  1.54559461e-06  1.57128693e-09 
 3.00000000e+01  1.12000000e+00  1.12000000e+00  0.00000000e+00  0.00000000e+00  0.00000000e+00 -2.52218173e-06  9.34763110e-07  1.58454785e-06  2.87076461e-09 
 3.00000000e+01  1.13000000e+00  1.13000000e+00  0.00000000e+00  0.00000000e+00  0.00000000e+00 -2.59852654e-06  9.69010325e-07  1.62445372e-06  5.06248760e-09 
 3.00000000e+01  1.14000000e+00  1.14000000e+00  0.00000000e+00  0.00000000e+00  0.00000000e+00 -2.67835188e-06  1.00437400e-06  1.66533471e-06  8.64316740e-09 
 3.00000000e+01  1.15000000e+00  1.15000000e+00  0.00000000e+00  0.00000000e+00  0.00000000e+00 -2.76242645e-06  1.04088736e-06  1.70721383e-06  1.43252665e-08 
 3.00000000e+01  1.16000000e+00  1.16000000e+00  0.00000000e+00  0.00000000e+00  0.00000000e+00 -2.85180420e-06  1.07858452e-06  1.75011463e-06  2.31050505e-08 
 3.00000000e+01  1.17000000e+00  1.17000000e+00  0.00000000e+00  0.00000000e+00  0.00000000e+00 -2.94790548e-06  1.11750057e-06  1.79406121e-06  3.63436954e-08 
 3.00000000e+01  1.18000000e+00  1.18000000e+00  0.00000000e+00  0.00000000e+00  0.00000000e+00 -3.05261171e-06  1.15767157e-06  1.83907822e-06  5.58619199e-08 
 3.00000000e+01  1.19000000e+00  1.19000000e+00  0.00000000e+00  0.00000000e+00  0.00000000e+00 -3.16837373e-06  1.19913456e-06  1.88519090e-06  8.40482591e-08 
 3.00000000e+01  1.20000000e+00  1.20000000e+00  0.00000000e+00  0.00000000e+00  0.00000000e+00 -3.29833345e-06  1.24192764e-06  1.93242508e-06  1.23980724e-07 
