 3.00000000e+01  1.00000000e-02  0.00000000e+00  1.00000000e-02  0.00000000e+00  0.00000000e+00  1.84383023e-11 -3.68769227e-11  1.84383023e-11  3.18227626e-16 
 3.00000000e+01  2.00000000e-02  0.00000000e+00  2.00000000e-02  0.00000000e+00  0.00000000e+00  3.37868052e-11 -6.75742587e-11  3.37868052e-11  6.48125249e-16 
 3.00000000e+01  3.00000000e-02  0.00000000e+00  3.00000000e-02  0.00000000e+00  0.00000000e+00  4.62033219e-11 -9.24076328e-11  4.62033219e-11  9.89659264e-16 
 3.00000000e+01  4.00000000e-02  0.00000000e+00  4.00000000e-02  0.00000000e+00  0.00000000e+00  5.58402713e-11 -1.11681886e-10  5.58402713e-11  1.34308202e-15 
 3.00000000e+01  5.00000000e-02  0.00000000e+00  5.00000000e-02  0.00000000e+00  0.00000000e+00  6.28450101e-11 -1.25691730e-10  6.28450101e-11  1.70866626e-15 
 3.00000000e+01  6.00000000e-02  0.00000000e+00  6.00000000e-02  0.00000000e+00  0.00000000e+00  6.73602485e-11 -1.34722586e-10  6.73602485e-11  2.08671216e-15 
 3.00000000e+01  7.00000000e-02  0.00000000e+00  7.00000000e-02  0.00000000e+00  0.00000000e+00  6.95246188e-11 -1.39051715e-10  6.95246188e-11  2.47755681e-15 
 3.00000000e+01  8.00000000e-02  0.00000000e+00  8.00000000e-02  0.00000000e+00  0.00000000e+00  6.94735272e-11 -1.38949935e-10  6.94735272e-11  2.88158693e-15 
 3.00000000e+01  9.00000000e-02  0.00000000e+00  9.00000000e-02  0.00000000e+00  0.00000000e+00  6.73405617e-11 -1.34684423e-10  6.73405617e-11  3.29925585e-15 
 3.00000000e+01  1.00000000e-01  0.00000000e+00  1.00000000e-01  0.00000000e+00  0.00000000e+00  6.32600707e-11 -1.26523875e-10  6.32600707e-11  3.73110587e-15 
 3.00000000e+01  1.10000000e-01  0.00000000e+00  1.10000000e-01  0.00000000e+00  0.00000000e+00  5.73724406e-11 -1.14749061e-10  5.73724406e-11  4.17779764e-15 
 3.00000000e+01  1.20000000e-01  0.00000000e+00  1.20000000e-01  0.00000000e+00  0.00000000e+00  4.98363695e-11 -9.96773809e-11  4.98363695e-11  4.64014813e-15 
 3.00000000e+01  1.30000000e-01  0.00000000e+00  1.30000000e-01  0.00000000e+00  0.00000000e+00  4.08623625e-11 -8.17298416e-11  4.08623625e-11  5.11917956e-15 
 3.00000000e+01  1.40000000e-01  0.00000000e+00  1.40000000e-01  0.00000000e+00  0.00000000e+00  3.08260475e-11 -6.16577102e-11  3.08260475e-11  5.61618139e-15 
 3.00000000e+01  1.50000000e-01  0.00000000e+00  1.50000000e-01  0.00000000e+00  0.00000000e+00  2.07799931e-11 -4.15661151e-11  2.07799931e-11  6.13278842e-15 
 3.00000000e+01  1.60000000e-01  0.00000000e+00  1.60000000e-01  0.00000000e+00  0.00000000e+00  1.51111451e-11 -3.02289652e-11  1.51111451e-11  6.67107778e-15 
 3.00000000e+01  1.70000000e-01  0.00000000e+00  1.70000000e-01  0.00000000e+00  0.00000000e+00  2.19986864e-11 -4.40046055e-11  2.19986864e-11  7.23368812e-15 
 3.00000000e+01  1.80000000e-01  0.00000000e+00  1.80000000e-01  0.00000000e+00  0.00000000e+00  3.76235190e-11 -7.52548579e-11  3.76235190e-11  7.82396463e-15 
 3.00000000e+01  1.90000000e-01  0.00000000e+00  1.90000000e-01  0.00000000e+00  0.00000000e+00  5.76052534e-11 -1.15218952e-10  5.76052534e-11  8.44613330e-15 
 3.00000000e+01  2.00000000e-01  0.00000000e+00  2.00000000e-01  0.00000000e+00  0.00000000e+00  8.10195430e-11 -1.62048194e-10  8.10195430e-11  9.10550883e-15 
 3.00000000e+01  2.10000000e-01  0.00000000e+00  2.10000000e-01  0.00000000e+00  0.00000000e+00  1.07767959e-10 -2.15545727e-10  1.07767959e-10  9.80874043e-15 
 3.00000000e+01  2.20000000e-01  0.00000000e+00  2.20000000e-01  0.00000000e+00  0.00000000e+00  1.37985945e-10 -2.75982452e-10  1.37985945e-10  1.05641011e-14 
 3.00000000e+01  2.30000000e-01  0.00000000e+00  2.30000000e-01  0.00000000e+00  0.00000000e+00  1.71929837e-10 -3.43871050e-10  1.71929837e-10  1.13818270e-14 
 3.00000000e+01  2.40000000e-01  0.00000000e+00  2.40000000e-01  0.00000000e+00  0.00000000e+00  2.09965949e-10 -4.19944170e-10  2.09965949e-10  1.22745160e-14 
 3.00000000e+01  2.50000000e-01  0.00000000e+00  2.50000000e-01  0.00000000e+00  0.00000000e+00  2.52595732e-10 -5.05204718e-10  2.52595732e-10  1.32575964e-14 
 3.00000000e+01  2.60000000e-01  0.00000000e+00  2.60000000e-01  0.00000000e+00  0.00000000e+00  3.00504550e-10 -6.01023453e-10  3.00504550e-10  1.43498823e-14 
 3.00000000e+01  2.70000000e-01  0.00000000e+00  2.70000000e-01  0.00000000e+00  0.00000000e+00  3.54632876e-10 -7.09281321e-10  3.54632876e-10  1.55742337e-14 
 3.00000000e+01  2.80000000e-01  0.00000000e+00  2.80000000e-01  0.00000000e+00  0.00000000e+00  4.16269381e-10 -8.32555726e-10  4.16269381e-10  1.69583485e-14 
 3.00000000e+01  2.90000000e-01  0.00000000e+00  2.90000000e-01  0.00000000e+00  0.00000000e+00  4.87159501e-10 -9.74337541e-10  4.87159501e-10  1.85357168e-14 
 3.00000000e+01  3.00000000e-01  0.00000000e+00  3.00000000e-01  0.00000000e+00  0.00000000e+00  5.69609507e-10 -1.13923937e-09  5.69609507e-10  2.03467749e-14 
 3.00000000e+01  3.10000000e-01  0.00000000e+00  3.10000000e-01  0.00000000e+00  0.00000000e+00  6.66545064e-10 -1.33311257e-09  6.66545064e-10  2.24403050e-14 
 3.00000000e+01  3.20000000e-01  0.00000000e+00  3.20000000e-01  0.00000000e+00  0.00000000e+00  7.81462396e-10 -1.56294967e-09  7.81462396e-10  2.48751329e-14 
 3.00000000e+01  3.30000000e-01  0.00000000e+00  3.30000000e-01  0.00000000e+00  0.00000000e+00  9.18210955e-10 -1.83644965e-09  9.18210955e-10  2.77221860e-14 
 3.00000000e+01  3.40000000e-01  0.00000000e+00  3.40000000e-01  0.00000000e+00  0.00000000e+00  1.08059684e-09 -2.16122474e-09  1.08059684e-09  3.10669814e-14 
 3.00000000e+01  3.50000000e-01  0.00000000e+00  3.50000000e-01  0.00000000e+00  0.00000000e+00  1.27189759e-09 -2.54383020e-09  1.27189759e-09  3.50126287e-14 
 3.00000000e+01  3.60000000e-01  0.00000000e+00  3.60000000e-01  0.00000000e+00  0.00000000e+00  1.49446944e-09 -2.98897856e-09  1.49446944e-09  3.96834436e-14 
 3.00000000e+01  3.70000000e-01  0.00000000e+00  3.70000000e-01  0.00000000e+00  0.00000000e+00  1.74961453e-09 -3.49927429e-09  1.74961453e-09  4.52292847e-14 
 3.00000000e+01  3.80000000e-01  0.00000000e+00  3.80000000e-01  0.00000000e+00  0.00000000e+00  2.03774261e-09 -4.07553705e-09  2.03774261e-09  5.18307489e-14 
 3.00000000e+01  3.90000000e-01  0.00000000e+00  3.90000000e-01  0.00000000e+00  0.00000000e+00  2.35871476e-09 -4.71748923e-09  2.35871476e-09  5.97053826e-14 
 3.00000000e+01  4.00000000e-01  0.00000000e+00  4.00000000e-01  0.00000000e+00  0.00000000e+00  2.71220642e-09 -5.42448196e-09  2.71220642e-09  6.91150975e-14 
 3.00000000e+01  4.10000000e-01  0.00000000e+00  4.10000000e-01  0.00000000e+00  0.00000000e+00  3.09797932e-09 -6.19603902e-09  3.09797932e-09  8.03750162e-14 
 3.00000000e+01  4.20000000e-01  0.00000000e+00  4.20000000e-01  0.00000000e+00  0.00000000e+00  3.51603247e-09 -7.03215881e-09  3.51603247e-09  9.38640158e-14 
 3.00000000e+01  4.30000000e-01  0.00000000e+00  4.30000000e-01  0.00000000e+00  0.00000000e+00  3.96665488e-09 -7.93341980e-09  3.96665488e-09  1.10037291e-13 
 3.00000000e+01  4.40000000e-01  0.00000000e+00  4.40000000e-01  0.00000000e+00  0.00000000e+00  4.45041832e-09 -8.90096609e-09  4.45041832e-09  1.29441318e-13 
 3.00000000e+01  4.50000000e-01  0.00000000e+00  4.50000000e-01  0.00000000e+00  0.00000000e+00  4.96814212e-09 -9.93643696e-09  4.96814212e-09  1.52731686e-13 
 3.00000000e+01  4.60000000e-01  0.00000000e+00  4.60000000e-01  0.00000000e+00  0.00000000e+00  5.52085039e-09 -1.10418815e-08  5.52085039e-09  1.80694325e-13 
 3.00000000e+01  4.70000000e-01  0.00000000e+00  4.70000000e-01  0.00000000e+00  0.00000000e+00  6.10973223e-09 -1.22196787e-08  6.10973223e-09  2.14270805e-13 
 3.00000000e+01  4.80000000e-01  0.00000000e+00  4.80000000e-01  0.00000000e+00  0.00000000e+00  6.73610877e-09 -1.34724721e-08  6.73610877e-09  2.54588468e-13 
 3.00000000e+01  4.90000000e-01  0.00000000e+00  4.90000000e-01  0.00000000e+00  0.00000000e+00  7.40140802e-09 -1.48031190e-08  7.40140802e-09  3.02996315e-13 
 3.00000000e+01  5.00000000e-01  0.00000000e+00  5.00000000e-01  0.00000000e+00  0.00000000e+00  8.10714658e-09 -1.62146543e-08  8.10714658e-09  3.61107770e-13 
 3.00000000e+01  5.10000000e-01  0.00000000e+00  5.10000000e-01  0.00000000e+00  0.00000000e+00  8.85491704e-09 -1.77102649e-08  8.85491704e-09  4.30851597e-13 
 3.00000000e+01  5.20000000e-01  0.00000000e+00  5.20000000e-01  0.00000000e+00  0.00000000e+00  9.64637978e-09 -1.92932741e-08  9.64637978e-09  5.14532567e-13 
 3.00000000e+01  5.30000000e-01  0.00000000e+00  5.30000000e-01  0.00000000e+00  0.00000000e+00  1.04832580e-08 -2.09671309e-08  1.04832580e-08  6.14903686e-13 
 3.00000000e+01  5.40000000e-01  0.00000000e+00  5.40000000e-01  0.00000000e+00  0.00000000e+00  1.13673351e-08 -2.27354054e-08  1.13673351e-08  7.35252216e-13 
 3.00000000e+01  5.50000000e-01  0.00000000e+00  5.50000000e-01  0.00000000e+00  0.00000000e+00  1.23004539e-08 -2.46017874e-08  1.23004539e-08  8.79502083e-13 
 3.00000000e+01  5.60000000e-01  0.00000000e+00  5.60000000e-01  0.00000000e+00  0.00000000e+00  1.32845171e-08 -2.65700864e-08  1.32845171e-08  1.05233580e-12 
 3.00000000e+01  5.70000000e-01  0.00000000e+00  5.70000000e-01  0.00000000e+00  0.00000000e+00  1.43214878e-08 -2.86442349e-08  1.43214878e-08  1.25933956e-12 
 3.00000000e+01  5.80000000e-01  0.00000000e+00  5.80000000e-01  0.00000000e+00  0.00000000e+00  1.54133920e-08 -3.08282912e-08  1.54133920e-08  1.50717596e-12 
 3.00000000e+01  5.90000000e-01  0.00000000e+00  5.90000000e-01  0.00000000e+00  0.00000000e+00  1.65623201e-08 -3.31264440e-08  1.65623201e-08  1.80378943e-12 
 3.00000000e+01  6.00000000e-01  0.00000000e+00  6.00000000e-01  0.00000000e+00  0.00000000e+00  1.77704292e-08 -3.55430171e-08  1.77704292e-08  2.15865076e-12 
 3.00000000e+01  6.10000000e-01  0.00000000e+00  6.10000000e-01  0.00000000e+00  0.00000000e+00  1.90399457e-08 -3.80824744e-08  1.90399457e-08  2.58304785e-12 
 3.00000000e+01  6.20000000e-01  0.00000000e+00  6.20000000e-01  0.00000000e+00  0.00000000e+00  2.03731675e-08 -4.07494254e-08  2.03731675e-08  3.09043156e-12 
 3.00000000e+01  6.30000000e-01  0.00000000e+00  6.30000000e-01  0.00000000e+00  0.00000000e+00  2.17724668e-08 -4.35486305e-08  2.17724668e-08  3.69682700e-12 
 3.00000000e+01  6.40000000e-01  0.00000000e+00  6.40000000e-01  0.00000000e+00  0.00000000e+00  2.32402926e-08 -4.64850066e-08  2.32402926e-08  4.42132247e-12 
 3.00000000e+01  6.50000000e-01  0.00000000e+00  6.50000000e-01  0.00000000e+00  0.00000000e+00  2.47791731e-08 -4.95636329e-08  2.47791731e-08  5.28665076e-12 
 3.00000000e+01  6.60000000e-01  0.00000000e+00  6.60000000e-01  0.00000000e+00  0.00000000e+00  2.63917185e-08 -5.27897569e-08  2.63917185e-08  6.31988001e-12 
 3.00000000e+01  6.70000000e-01  0.00000000e+00  6.70000000e-01  0.00000000e+00  0.00000000e+00  2.80806233e-08 -5.61687999e-08  2.80806233e-08  7.55323475e-12 
 3.00000000e+01  6.80000000e-01  0.00000000e+00  6.80000000e-01  0.00000000e+00  0.00000000e+00  2.98486694e-08 -5.97063639e-08  2.98486694e-08  9.02507144e-12 
 3.00000000e+01  6.90000000e-01  0.00000000e+00  6.90000000e-01  0.00000000e+00  0.00000000e+00  3.16987282e-08 -6.34082375e-08  3.16987282e-08  1.07810373e-11 
 3.00000000e+01  7.00000000e-01  0.00000000e+00  7.00000000e-01  0.00000000e+00  0.00000000e+00  3.36337637e-08 -6.72804028e-08  3.36337637e-08  1.28754469e-11 
 3.00000000e+01  7.10000000e-01  0.00000000e+00  7.10000000e-01  0.00000000e+00  0.00000000e+00  3.56568349e-08 -7.13290426e-08  3.56568349e-08  1.53729166e-11 
 3.00000000e+01  7.20000000e-01  0.00000000e+00  7.20000000e-01  0.00000000e+00  0.00000000e+00  3.77710987e-08 -7.55605477e-08  3.77710987e-08  1.83503054e-11 
 3.00000000e+01  7.30000000e-01  0.00000000e+00  7.30000000e-01  0.00000000e+00  0.00000000e+00  3.99798128e-08 -7.99815245e-08  3.99798128e-08  2.18990188e-11 
 3.00000000e+01  7.40000000e-01  0.00000000e+00  7.40000000e-01  0.00000000e+00  0.00000000e+00  4.22863382e-08 -8.45988042e-08  4.22863382e-08  2.61277424e-11 
 3.00000000e+01  7.50000000e-01  0.00000000e+00  7.50000000e-01  0.00000000e+00  0.00000000e+00  4.46941427e-08 -8.94194510e-08  4.46941427e-08  3.11656863e-11 
 3.00000000e+01  7.60000000e-01  0.00000000e+00  7.60000000e-01  0.00000000e+00  0.00000000e+00  4.72068031e-08 -9.44507726e-08  4.72068031e-08  3.71664325e-11 
 3.00000000e+01  7.70000000e-01  0.00000000e+00  7.70000000e-01  0.00000000e+00  0.00000000e+00  4.98280091e-08 -9.97003306e-08  4.98280091e-08  4.43124983e-11 
 3.00000000e+01  7.80000000e-01  0.00000000e+00  7.80000000e-01  0.00000000e+00  0.00000000e+00  5.25615657e-08 -1.05175952e-07  5.25615657e-08  5.28207454e-11 
 3.00000000e+01  7.90000000e-01  0.00000000e+00  7.90000000e-01  0.00000000e+00  0.00000000e+00  5.54113969e-08 -1.10885743e-07  5.54113969e-08  6.29487909e-11 
 3.00000000e+01  8.00000000e-01  0.00000000e+00  8.00000000e-01  0.00000000e+00  0.00000000e+00  5.83815489e-08 -1.16838100e-07  5.83815489e-08  7.50026016e-11 
 3.00000000e+01  8.10000000e-01  0.00000000e+00  8.10000000e-01  0.00000000e+00  0.00000000e+00  6.14761933e-08 -1.23041732e-07  6.14761933e-08  8.93454881e-11 
 3.00000000e+01  8.20000000e-01  0.00000000e+00  8.20000000e-01  0.00000000e+00  0.00000000e+00  6.46996308e-08 -1.29505670e-07  6.46996308e-08  1.06408750e-10 
 3.00000000e+01  8.30000000e-01  0.00000000e+00  8.30000000e-01  0.00000000e+00  0.00000000e+00  6.80562946e-08 -1.36239293e-07  6.80562946e-08  1.26704273e-10 
 3.00000000e+01  8.40000000e-01  0.00000000e+00  8.40000000e-01  0.00000000e+00  0.00000000e+00  7.15507542e-08 -1.43252348e-07  7.15507542e-08  1.50839417e-10 
 3.00000000e+01  8.50000000e-01  0.00000000e+00  8.50000000e-01  0.00000000e+00  0.00000000e+00  7.51877192e-08 -1.50554973e-07  7.51877192e-08  1.79534625e-10 
 3.00000000e+01  8.60000000e-01  0.00000000e+00  8.60000000e-01  0.00000000e+00  0.00000000e+00  7.89720431e-08 -1.58157730e-07  7.89720431e-08  2.13644199e-10 
 3.00000000e+01  8.70000000e-01  0.00000000e+00  8.70000000e-01  0.00000000e+00  0.00000000e+00  8.29087273e-08 -1.66071635e-07  8.29087273e-08  2.54180836e-10 
 3.00000000e+01  8.80000000e-01  0.00000000e+00  8.80000000e-01  0.00000000e+00  0.00000000e+00  8.70029252e-08 -1.74308195e-07  8.70029252e-08  3.02344545e-10 
 3.00000000e+01  8.90000000e-01  0.00000000e+00  8.90000000e-01  0.00000000e+00  0.00000000e+00  9.12599465e-08 -1.82879450e-07  9.12599465e-08  3.59556719e-10 
 3.00000000e+01  9.00000000e-01  0.00000000e+00  9.00000000e-01  0.00000000e+00  0.00000000e+00  9.56852614e-08 -1.91798023e-07  9.56852614e-08  4.27500215e-10 
 3.00000000e+01  9.10000000e-01  0.00000000e+00  9.10000000e-01  0.00000000e+00  0.00000000e+00  1.00284505e-07 -2.01077177e-07  1.00284505e-07  5.08166476e-10 
 3.00000000e+01  9.20000000e-01  0.00000000e+00  9.20000000e-01  0.00000000e+00  0.00000000e+00  1.05063483e-07 -2.10730876e-07  1.05063483e-07  6.03910827e-10 
 3.00000000e+01  9.30000000e-01  0.00000000e+00  9.30000000e-01  0.00000000e+00  0.00000000e+00  1.10028173e-07 -2.20773863e-07  1.10028173e-07  7.17517272e-10 
 3.00000000e+01  9.40000000e-01  0.00000000e+00  9.40000000e-01  0.00000000e+00  0.00000000e+00  1.15184734e-07 -2.31221743e-07  1.15184734e-07  8.52274309e-10 
 3.00000000e+01  9.50000000e-01  0.00000000e+00  9.50000000e-01  0.00000000e+00  0.00000000e+00  1.20539509e-07 -2.42091081e-07  1.20539509e-07  1.01206344e-09 
 3.00000000e+01  9.60000000e-01  0.00000000e+00  9.60000000e-01  0.00000000e+00  0.00000000e+00  1.26099029e-07 -2.53399520e-07  1.26099029e-07  1.20146226e-09 
 3.00000000e+01  9.70000000e-01  0.00000000e+00  9.70000000e-01  0.00000000e+00  0.00000000e+00  1.31870019e-07 -2.65165903e-07  1.31870019e-07  1.42586432e-09 
 3.00000000e+01  9.80000000e-01  0.00000000e+00  9.80000000e-01  0.00000000e+00  0.00000000e+00  1.37859406e-07 -2.77410431e-07  1.37859406e-07  1.69161789e-09 
 3.00000000e+01  9.90000000e-01  0.00000000e+00  9.90000000e-01  0.00000000e+00  0.00000000e+00  1.44074321e-07 -2.90154829e-07  1.44074321e-07  2.00618633e-09 
 3.00000000e+01  1.00000000e+00  0.00000000e+00  1.00000000e+00  0.00000000e+00  0.00000000e+00  1.50522105e-07 -3.03422543e-07  1.50522105e-07  2.37833256e-09 
 3.00000000e+01  1.01000000e+00  0.00000000e+00  1.01000000e+00  0.00000000e+00  0.00000000e+00  1.57210318e-07 -3.17238966e-07  1.57210318e-07  2.81833040e-09 
 3.00000000e+01  1.02000000e+00  0.00000000e+00  1.02000000e+00  0.00000000e+00  0.00000000e+00  1.64146740e-07 -3.31631685e-07  1.64146740e-07  3.33820565e-09 
 3.00000000e+01  1.03000000e+00  0.00000000e+00  1.03000000e+00  0.00000000e+00  0.00000000e+00  1.71339382e-07 -3.46630773e-07  1.71339382e-07  3.95200936e-09 
 3.00000000e+01  1.04000000e+00  0.00000000e+00  1.04000000e+00  0.00000000e+00  0.00000000e+00  1.78796489e-07 -3.62269104e-07  1.78796489e-07  4.67612591e-09 
 3.00000000e+01  1.05000000e+00  0.00000000e+00  1.05000000e+00  0.00000000e+00  0.00000000e+00  1.86526549e-07 -3.78582715e-07  1.86526549e-07  5.52961763e-09 
 3.00000000e+01  1.06000000e+00  0.00000000e+00  1.06000000e+00  0.00000000e+00  0.00000000e+00  1.94538296e-07 -3.95611200e-07  1.94538296e-07  6.53460727e-09 
 3.00000000e+01  1.07000000e+00  0.00000000e+00  1.07000000e+00  0.00000000e+00  0.00000000e+00  2.02840722e-07 -4.13398143e-07  2.02840722e-07  7.71669845e-09 
 3.00000000e+01  1.08000000e+00  0.00000000e+00  1.08000000e+00  0.00000000e+00  0.00000000e+00  2.11443079e-07 -4.31991590e-07  2.11443079e-07  9.10543277e-09 
 3.00000000e+01  1.09000000e+00  0.00000000e+00  1.09000000e+00  0.00000000e+00  0.00000000e+00  2.20354887e-07 -4.51444555e-07  2.20354887e-07  1.07347805e-08 
 3.00000000e+01  1.10000000e+00  0.00000000e+00  1.10000000e+00  0.00000000e+00  0.00000000e+00  2.29585946e-07 -4.71815552e-07  2.29585946e-07  1.26436594e-08 
 3.00000000e+01  1.11000000e+00  0.00000000e+00  1.11000000e+00  0.00000000e+00  0.00000000e+00  2.39146338e-07 -4.93169150e-07  2.39146338e-07  1.48764745e-08 
 3.00000000e+01  1.12000000e+00  0.00000000e+00  1.12000000e+00  0.00000000e+00  0.00000000e+00  2.49046436e-07 -5.15576537e-07  2.49046436e-07  1.74836663e-08 
 3.00000000e+01  1.13000000e+00  0.00000000e+00  1.13000000e+00  0.00000000e+00  0.00000000e+00  2.59296914e-07 -5.39116082e-07  2.59296914e-07  2.05222553e-08 
 3.00000000e+01  1.14000000e+00  0.00000000e+00  1.14000000e+00  0.00000000e+00  0.00000000e+00  2.69908753e-07 -5.63873872e-07  2.69908753e-07  2.40563647e-08 
 3.00000000e+01  1.15000000e+00  0.00000000e+00  1.15000000e+00  0.00000000e+00  0.00000000e+00  2.80893253e-07 -5.89944208e-07  2.80893253e-07  2.81577022e-08 
 3.00000000e+01  1.16000000e+00  0.00000000e+00  1.16000000e+00  0.00000000e+00  0.00000000e+00  2.92262035e-07 -6.17430048e-07  2.92262035e-07  3.29059787e-08 
 3.00000000e+01  1.17000000e+00  0.00000000e+00  1.17000000e+00  0.00000000e+00  0.00000000e+00  3.04027055e-07 -6.46443354e-07  3.04027055e-07  3.83892434e-08 
 3.00000000e+01  1.18000000e+00  0.00000000e+00  1.18000000e+00  0.00000000e+00  0.00000000e+00  3.16200614e-07 -6.77105341e-07  3.16200614e-07  4.47041133e-08 
 3.00000000e+01  1.19000000e+00  0.00000000e+00  1.19000000e+00  0.00000000e+00  0.00000000e+00  3.28795360e-07 -7.09546600e-07  3.28795360e-07  5.19558792e-08 
 3.00000000e+01  1.20000000e+00  0.00000000e+00  1.20000000e+00  0.00000000e+00  0.00000000e+00  3.41824308e-07 -7.43907094e-07  3.41824308e-07  6.02584777e-08 
