 3.00000000e+01  1.00000000e-02  0.00000000e+00  1.00000000e-02  0.00000000e+00  0.00000000e+00  7.43119256e-11 -1.48625134e-10  7.43119256e-11  1.28255338e-15 
 3.00000000e+01  2.00000000e-02  0.00000000e+00  2.00000000e-02  0.00000000e+00  0.00000000e+00  1.36171033e-10 -2.72344678e-10  1.36171033e-10  2.61214042e-15 
 3.00000000e+01  3.00000000e-02  0.00000000e+00  3.00000000e-02  0.00000000e+00  0.00000000e+00  1.86213355e-10 -3.72430699e-10  1.86213355e-10  3.98862569e-15 
 3.00000000e+01  4.00000000e-02  0.00000000e+00  4.00000000e-02  0.00000000e+00  0.00000000e+00  2.25053185e-10 -4.50111782e-10  2.25053185e-10  5.41302622e-15 
 3.00000000e+01  5.00000000e-02  0.00000000e+00  5.00000000e-02  0.00000000e+00  0.00000000e+00  2.53284411e-10 -5.06575709e-10  2.53284411e-10  6.88644128e-15 
 3.00000000e+01  6.00000000e-02  0.00000000e+00  6.00000000e-02  0.00000000e+00  0.00000000e+00  2.71482199e-10 -5.42972808e-10  2.71482199e-10  8.41008066e-15 
 3.00000000e+01  7.00000000e-02  0.00000000e+00  7.00000000e-02  0.00000000e+00  0.00000000e+00  2.80205277e-10 -5.60420539e-10  2.80205277e-10  9.98530293e-15 
 3.00000000e+01  8.00000000e-02  0.00000000e+00  8.00000000e-02  0.00000000e+00  0.00000000e+00  2.79999372e-10 -5.60010358e-10  2.79999372e-10  1.16136667e-14 
 3.00000000e+01  9.00000000e-02  0.00000000e+00  9.00000000e-02  0.00000000e+00  0.00000000e+00  2.71402884e-10 -5.42819063e-10  2.71402884e-10  1.32969990e-14 
 3.00000000e+01  1.00000000e-01  0.00000000e+00  1.00000000e-01  0.00000000e+00  0.00000000e+00  2.54957275e-10 -5.09929587e-10  2.54957275e-10  1.50374855e-14 
 3.00000000e+01  1.10000000e-01  0.00000000e+00  1.10000000e-01  0.00000000e+00  0.00000000e+00  2.31228346e-10 -4.62473530e-10  2.31228346e-10  1.68377888e-14 
 3.00000000e+01  1.20000000e-01  0.00000000e+00  1.20000000e-01  0.00000000e+00  0.00000000e+00  2.00855698e-10 -4.01730097e-10  2.00855698e-10  1.87012016e-14 
 3.00000000e+01  1.30000000e-01  0.00000000e+00  1.30000000e-01  0.00000000e+00  0.00000000e+00  1.64687729e-10 -3.29396089e-10  1.64687729e-10  2.06318436e-14 
 3.00000000e+01  1.40000000e-01  0.00000000e+00  1.40000000e-01  0.00000000e+00  0.00000000e+00  1.24238333e-10 -2.48499301e-10  1.24238333e-10  2.26349119e-14 
 3.00000000e+01  1.50000000e-01  0.00000000e+00  1.50000000e-01  0.00000000e+00  0.00000000e+00  8.37496817e-11 -1.67524082e-10  8.37496817e-11  2.47169951e-14 
 3.00000000e+01  1.60000000e-01  0.00000000e+00  1.60000000e-01  0.00000000e+00  0.00000000e+00  6.09024939e-11 -1.21831874e-10  6.09024939e-11  2.68864644e-14 
 3.00000000e+01  1.70000000e-01  0.00000000e+00  1.70000000e-01  0.00000000e+00  0.00000000e+00  8.86613548e-11 -1.77351862e-10  8.86613548e-11  2.91539543e-14 
 3.00000000e+01  1.80000000e-01  0.00000000e+00  1.80000000e-01  0.00000000e+00  0.00000000e+00  1.51634138e-10 -3.03299809e-10  1.51634138e-10  3.15329469e-14 
 3.00000000e+01  1.90000000e-01  0.00000000e+00  1.90000000e-01  0.00000000e+00  0.00000000e+00  2.32166546e-10 -4.64367132e-10  2.32166546e-10  3.40404742e-14 
 3.00000000e+01  2.00000000e-01  0.00000000e+00  2.00000000e-01  0.00000000e+00  0.00000000e+00  3.26533178e-10 -6.53103053e-10  3.26533178e-10  3.66979563e-14 
 3.00000000e+01  2.10000000e-01  0.00000000e+00  2.10000000e-01  0.00000000e+00  0.00000000e+00  4.34337333e-10 -8.68714200e-10  4.34337333e-10  3.95321912e-14 
 3.00000000e+01  2.20000000e-01  0.00000000e+00  2.20000000e-01  0.00000000e+00  0.00000000e+00  5.56124884e-10 -1.11229234e-09  5.56124884e-10  4.25765216e-14 
 3.00000000e+01  2.30000000e-01  0.00000000e+00  2.30000000e-01  0.00000000e+00  0.00000000e+00  6.92928943e-10 -1.38590376e-09  6.92928943e-10  4.58722022e-14 
 3.00000000e+01  2.40000000e-01  0.00000000e+00  2.40000000e-01  0.00000000e+00  0.00000000e+00  8.46225853e-10 -1.69250118e-09  8.46225853e-10  4.94700061e-14 
 3.00000000e+01  2.50000000e-01  0.00000000e+00  2.50000000e-01  0.00000000e+00  0.00000000e+00  1.01803660e-09 -2.03612664e-09  1.01803660e-09  5.34321140e-14 
 3.00000000e+01  2.60000000e-01  0.00000000e+00  2.60000000e-01  0.00000000e+00  0.00000000e+00  1.21112341e-09 -2.42230464e-09  1.21112341e-09  5.78343515e-14 
 3.00000000e+01  2.70000000e-01  0.00000000e+00  2.70000000e-01  0.00000000e+00  0.00000000e+00  1.42927662e-09 -2.85861602e-09  1.42927662e-09  6.27688511e-14 
 3.00000000e+01  2.80000000e-01  0.00000000e+00  2.80000000e-01  0.00000000e+00  0.00000000e+00  1.67768996e-09 -3.35544827e-09  1.67768996e-09  6.83472435e-14 
 3.00000000e+01  2.90000000e-01  0.00000000e+00  2.90000000e-01  0.00000000e+00  0.00000000e+00  1.96339800e-09 -3.92687070e-09  1.96339800e-09  7.47045023e-14 
 3.00000000e+01  3.00000000e-01  0.00000000e+00  3.00000000e-01  0.00000000e+00  0.00000000e+00  2.29569562e-09 -4.59147325e-09  2.29569562e-09  8.20035967e-14 
 3.00000000e+01  3.10000000e-01  0.00000000e+00  3.10000000e-01  0.00000000e+00  0.00000000e+00  2.68637403e-09 -5.37283850e-09  2.68637403e-09  9.04411314e-14 
 3.00000000e+01  3.20000000e-01  0.00000000e+00  3.20000000e-01  0.00000000e+00  0.00000000e+00  3.14952390e-09 -6.29914806e-09  3.14952390e-09  1.00254190e-13 
 3.00000000e+01  3.30000000e-01  0.00000000e+00  3.30000000e-01  0.00000000e+00  0.00000000e+00  3.70065950e-09 -7.40143073e-09  3.70065950e-09  1.11728626e-13 
 3.00000000e+01  3.40000000e-01  0.00000000e+00  3.40000000e-01  0.00000000e+00  0.00000000e+00  4.35512033e-09 -8.71036586e-09  4.35512033e-09  1.25209094e-13 
 3.00000000e+01  3.50000000e-01  0.00000000e+00  3.50000000e-01  0.00000000e+00  0.00000000e+00  5.12611563e-09 -1.02523724e-08  5.12611563e-09  1.41111149e-13 
 3.00000000e+01  3.60000000e-01  0.00000000e+00  3.60000000e-01  0.00000000e+00  0.00000000e+00  6.02314153e-09 -1.20464430e-08  6.02314153e-09  1.59935809e-13 
 3.00000000e+01  3.70000000e-01  0.00000000e+00  3.70000000e-01  0.00000000e+00  0.00000000e+00  7.05144583e-09 -1.41030740e-08  7.05144583e-09  1.82287036e-13 
 3.00000000e+01  3.80000000e-01  0.00000000e+00  3.80000000e-01  0.00000000e+00  0.00000000e+00  8.21267987e-09 -1.64255686e-08  8.21267987e-09  2.08892671e-13 
 3.00000000e+01  3.90000000e-01  0.00000000e+00  3.90000000e-01  0.00000000e+00  0.00000000e+00  9.50628354e-09 -1.90128077e-08  9.50628354e-09  2.40629467e-13 
 3.00000000e+01  4.00000000e-01  0.00000000e+00  4.00000000e-01  0.00000000e+00  0.00000000e+00  1.09309486e-08 -2.18621757e-08  1.09309486e-08  2.78552975e-13 
 3.00000000e+01  4.10000000e-01  0.00000000e+00  4.10000000e-01  0.00000000e+00  0.00000000e+00  1.24857145e-08 -2.49717530e-08  1.24857145e-08  3.23933193e-13 
 3.00000000e+01  4.20000000e-01  0.00000000e+00  4.20000000e-01  0.00000000e+00  0.00000000e+00  1.41705771e-08 -2.83415324e-08  1.41705771e-08  3.78297057e-13 
 3.00000000e+01  4.30000000e-01  0.00000000e+00  4.30000000e-01  0.00000000e+00  0.00000000e+00  1.59867007e-08 -3.19738450e-08  1.59867007e-08  4.43479065e-13 
 3.00000000e+01  4.40000000e-01  0.00000000e+00  4.40000000e-01  0.00000000e+00  0.00000000e+00  1.79363896e-08 -3.58733009e-08  1.79363896e-08  5.21681597e-13 
 3.00000000e+01  4.50000000e-01  0.00000000e+00  4.50000000e-01  0.00000000e+00  0.00000000e+00  2.00229454e-08 -4.00465064e-08  2.00229454e-08  6.15546747e-13 
 3.00000000e+01  4.60000000e-01  0.00000000e+00  4.60000000e-01  0.00000000e+00  0.00000000e+00  2.22504953e-08 -4.45017188e-08  2.22504953e-08  7.28241904e-13 
 3.00000000e+01  4.70000000e-01  0.00000000e+00  4.70000000e-01  0.00000000e+00  0.00000000e+00  2.46238311e-08 -4.92485257e-08  2.46238311e-08  8.63561684e-13 
 3.00000000e+01  4.80000000e-01  0.00000000e+00  4.80000000e-01  0.00000000e+00  0.00000000e+00  2.71482769e-08 -5.42975798e-08  2.71482769e-08  1.02604936e-12 
 3.00000000e+01  4.90000000e-01  0.00000000e+00  4.90000000e-01  0.00000000e+00  0.00000000e+00  2.98295875e-08 -5.96603961e-08  2.98295875e-08  1.22114148e-12 
 3.00000000e+01  5.00000000e-01  0.00000000e+00  5.00000000e-01  0.00000000e+00  0.00000000e+00  3.26738746e-08 -6.53492044e-08  3.26738746e-08  1.45534023e-12 
 3.00000000e+01  5.10000000e-01  0.00000000e+00  5.10000000e-01  0.00000000e+00  0.00000000e+00  3.56875561e-08 -7.13768487e-08  3.56875561e-08  1.73641858e-12 
 3.00000000e+01  5.20000000e-01  0.00000000e+00  5.20000000e-01  0.00000000e+00  0.00000000e+00  3.88773233e-08 -7.77567203e-08  3.88773233e-08  2.07366477e-12 
 3.00000000e+01  5.30000000e-01  0.00000000e+00  5.30000000e-01  0.00000000e+00  0.00000000e+00  4.22501202e-08 -8.45027186e-08  4.22501202e-08  2.47817339e-12 
 3.00000000e+01  5.40000000e-01  0.00000000e+00  5.40000000e-01  0.00000000e+00  0.00000000e+00  4.58131339e-08 -9.16292309e-08  4.58131339e-08  2.96319200e-12 
 3.00000000e+01  5.50000000e-01  0.00000000e+00  5.50000000e-01  0.00000000e+00  0.00000000e+00  4.95737905e-08 -9.91511256e-08  4.95737905e-08  3.54453382e-12 
 3.00000000e+01  5.60000000e-01  0.00000000e+00  5.60000000e-01  0.00000000e+00  0.00000000e+00  5.35397570e-08 -1.07083755e-07  5.35397570e-08  4.24106903e-12 
 3.00000000e+01  5.70000000e-01  0.00000000e+00  5.70000000e-01  0.00000000e+00  0.00000000e+00  5.77189450e-08 -1.15442965e-07  5.77189450e-08  5.07530946e-12 
 3.00000000e+01  5.80000000e-01  0.00000000e+00  5.80000000e-01  0.00000000e+00  0.00000000e+00  6.21195183e-08 -1.24245111e-07  6.21195183e-08  6.07410451e-12 
 3.00000000e+01  5.90000000e-01  0.00000000e+00  5.90000000e-01  0.00000000e+00  0.00000000e+00  6.67499005e-08 -1.33507070e-07  6.67499005e-08  7.26946915e-12 
 3.00000000e+01  6.00000000e-01  0.00000000e+00  6.00000000e-01  0.00000000e+00  0.00000000e+00  7.16187841e-08 -1.43246268e-07  7.16187841e-08  8.69956897e-12 
 3.00000000e+01  6.10000000e-01  0.00000000e+00  6.10000000e-01  0.00000000e+00  0.00000000e+00  7.67351405e-08 -1.53480691e-07  7.67351405e-08  1.04098919e-11 
 3.00000000e+01  6.20000000e-01  0.00000000e+00  6.20000000e-01  0.00000000e+00  0.00000000e+00  8.21082296e-08 -1.64228914e-07  8.21082296e-08  1.24546420e-11 
 3.00000000e+01  6.30000000e-01  0.00000000e+00  6.30000000e-01  0.00000000e+00  0.00000000e+00  8.77476105e-08 -1.75510119e-07  8.77476105e-08  1.48983961e-11 
 3.00000000e+01  6.40000000e-01  0.00000000e+00  6.40000000e-01  0.00000000e+00  0.00000000e+00  9.36631511e-08 -1.87344120e-07  9.36631511e-08  1.78180746e-11 
 3.00000000e+01  6.50000000e-01  0.00000000e+00  6.50000000e-01  0.00000000e+00  0.00000000e+00  9.98650390e-08 -1.99751383e-07  9.98650390e-08  2.13052833e-11 
 3.00000000e+01  6.60000000e-01  0.00000000e+00  6.60000000e-01  0.00000000e+00  0.00000000e+00  1.06363792e-07 -2.12753052e-07  1.06363792e-07  2.54690972e-11 
 3.00000000e+01  6.70000000e-01  0.00000000e+00  6.70000000e-01  0.00000000e+00  0.00000000e+00  1.13170267e-07 -2.26370973e-07  1.13170267e-07  3.04393684e-11 
 3.00000000e+01  6.80000000e-01  0.00000000e+00  6.80000000e-01  0.00000000e+00  0.00000000e+00  1.20295673e-07 -2.40627717e-07  1.20295673e-07  3.63706571e-11 
 3.00000000e+01  6.90000000e-01  0.00000000e+00  6.90000000e-01  0.00000000e+00  0.00000000e+00  1.27751581e-07 -2.55546609e-07  1.27751581e-07  4.34469002e-11 
 3.00000000e+01  7.00000000e-01  0.00000000e+00  7.00000000e-01  0.00000000e+00  0.00000000e+00  1.35549933e-07 -2.71151753e-07  1.35549933e-07  5.18869579e-11 
 3.00000000e+01  7.10000000e-01  0.00000000e+00  7.10000000e-01  0.00000000e+00  0.00000000e+00  1.43703055e-07 -2.87468061e-07  1.43703055e-07  6.19511987e-11 
 3.00000000e+01  7.20000000e-01  0.00000000e+00  7.20000000e-01  0.00000000e+00  0.00000000e+00  1.52223667e-07 -3.04521283e-07  1.52223667e-07  7.39493192e-11 
 3.00000000e+01  7.30000000e-01  0.00000000e+00  7.30000000e-01  0.00000000e+00  0.00000000e+00  1.61124893e-07 -3.22338036e-07  1.61124893e-07  8.82496247e-11 
 3.00000000e+01  7.40000000e-01  0.00000000e+00  7.40000000e-01  0.00000000e+00  0.00000000e+00  1.70420277e-07 -3.40945845e-07  1.70420277e-07  1.05290045e-10 
 3.00000000e+01  7.50000000e-01  0.00000000e+00  7.50000000e-01  0.00000000e+00  0.00000000e+00  1.80123790e-07 -3.60373172e-07  1.80123790e-07  1.25591201e-10 
 3.00000000e+01  7.60000000e-01  0.00000000e+00  7.60000000e-01  0.00000000e+00  0.00000000e+00  1.90249844e-07 -3.80649459e-07  1.90249844e-07  1.49771909e-10 
 3.00000000e+01  7.70000000e-01  0.00000000e+00  7.70000000e-01  0.00000000e+00  0.00000000e+00  2.00813302e-07 -4.01805172e-07  2.00813302e-07  1.78567562e-10 
 3.00000000e+01  7.80000000e-01  0.00000000e+00  7.80000000e-01  0.00000000e+00  0.00000000e+00  2.11829497e-07 -4.23871845e-07  2.11829497e-07  2.12851919e-10 
 3.00000000e+01  7.90000000e-01  0.00000000e+00  7.90000000e-01  0.00000000e+00  0.00000000e+00  2.23314236e-07 -4.46882135e-07  2.23314236e-07  2.53662934e-10 
 3.00000000e+01  8.00000000e-01  0.00000000e+00  8.00000000e-01  0.00000000e+00  0.00000000e+00  2.35283821e-07 -4.70869876e-07  2.35283821e-07  3.02233347e-10 
 3.00000000e+01  8.10000000e-01  0.00000000e+00  8.10000000e-01  0.00000000e+00  0.00000000e+00  2.47755058e-07 -4.95870144e-07  2.47755058e-07  3.60026912e-10 
 3.00000000e+01  8.20000000e-01  0.00000000e+00  8.20000000e-01  0.00000000e+00  0.00000000e+00  2.60745273e-07 -5.21919328e-07  2.60745273e-07  4.28781283e-10 
 3.00000000e+01  8.30000000e-01  0.00000000e+00  8.30000000e-01  0.00000000e+00  0.00000000e+00  2.74272326e-07 -5.49055211e-07  2.74272326e-07  5.10558742e-10 
 3.00000000e+01  8.40000000e-01  0.00000000e+00  8.40000000e-01  0.00000000e+00  0.00000000e+00  2.88354624e-07 -5.77317055e-07  2.88354624e-07  6.07806194e-10 
 3.00000000e+01  8.50000000e-01  0.00000000e+00  8.50000000e-01  0.00000000e+00  0.00000000e+00  3.03011140e-07 -6.06745707e-07  3.03011140e-07  7.23426055e-10 
 3.00000000e+01  8.60000000e-01  0.00000000e+00  8.60000000e-01  0.00000000e+00  0.00000000e+00  3.18261426e-07 -6.37383711e-07  3.18261426e-07  8.60859971e-10 
 3.00000000e+01  8.70000000e-01  0.00000000e+00  8.70000000e-01  0.00000000e+00  0.00000000e+00  3.34125627e-07 -6.69275442e-07  3.34125627e-07  1.02418761e-09 
 3.00000000e+01  8.80000000e-01  0.00000000e+00  8.80000000e-01  0.00000000e+00  0.00000000e+00  3.50624503e-07 -7.02467250e-07  3.50624503e-07  1.21824314e-09 
 3.00000000e+01  8.90000000e-01  0.00000000e+00  8.90000000e-01  0.00000000e+00  0.00000000e+00  3.67779443e-07 -7.37007638e-07  3.67779443e-07  1.44875244e-09 
 3.00000000e+01  9.00000000e-01  0.00000000e+00  9.00000000e-01  0.00000000e+00  0.00000000e+00  3.85612478e-07 -7.72947451e-07  3.85612478e-07  1.72249452e-09 
 3.00000000e+01  9.10000000e-01  0.00000000e+00  9.10000000e-01  0.00000000e+00  0.00000000e+00  4.04146308e-07 -8.10340108e-07  4.04146308e-07  2.04749131e-09 
 3.00000000e+01  9.20000000e-01  0.00000000e+00  9.20000000e-01  0.00000000e+00  0.00000000e+00  4.23404314e-07 -8.49241858e-07  4.23404314e-07  2.43323026e-09 
 3.00000000e+01  9.30000000e-01  0.00000000e+00  9.30000000e-01  0.00000000e+00  0.00000000e+00  4.43410576e-07 -8.89712077e-07  4.43410576e-07  2.89092538e-09 
 3.00000000e+01  9.40000000e-01  0.00000000e+00  9.40000000e-01  0.00000000e+00  0.00000000e+00  4.64189898e-07 -9.31813618e-07  4.64189898e-07  3.43382242e-09 
 3.00000000e+01  9.50000000e-01  0.00000000e+00  9.50000000e-01  0.00000000e+00  0.00000000e+00  4.85767822e-07 -9.75613199e-07  4.85767822e-07  4.07755532e-09 
 3.00000000e+01  9.60000000e-01  0.00000000e+00  9.60000000e-01  0.00000000e+00  0.00000000e+00  5.08170653e-07 -1.02118187e-06  5.08170653e-07  4.84056132e-09 
 3.00000000e+01  9.70000000e-01  0.00000000e+00  9.70000000e-01  0.00000000e+00  0.00000000e+00  5.31425476e-07 -1.06859552e-06  5.31425476e-07  5.74456341e-09 
 3.00000000e+01  9.80000000e-01  0.00000000e+00  9.80000000e-01  0.00000000e+00  0.00000000e+00  5.55560181e-07 -1.11793549e-06  5.55560181e-07  6.81512919e-09 
 3.00000000e+01  9.90000000e-01  0.00000000e+00  9.90000000e-01  0.00000000e+00  0.00000000e+00  5.80603483e-07 -1.16928928e-06  5.80603483e-07  8.08231637e-09 
 3.00000000e+01  1.00000000e+00  0.00000000e+00  1.00000000e+00  0.00000000e+00  0.00000000e+00  6.06584945e-07 -1.22275131e-06  6.06584945e-07  9.58141542e-09 
 3.00000000e+01  1.01000000e+00  0.00000000e+00  1.01000000e+00  0.00000000e+00  0.00000000e+00  6.33535001e-07 -1.27842380e-06  6.33535001e-07  1.13538004e-08 
 3.00000000e+01  1.02000000e+00  0.00000000e+00  1.02000000e+00  0.00000000e+00  0.00000000e+00  6.61484981e-07 -1.33641786e-06  6.61484981e-07  1.34478992e-08 
 3.00000000e+01  1.03000000e+00  0.00000000e+00  1.03000000e+00  0.00000000e+00  0.00000000e+00  6.90467133e-07 -1.39685456e-06  6.90467133e-07  1.59202936e-08 
 3.00000000e+01  1.04000000e+00  0.00000000e+00  1.04000000e+00  0.00000000e+00  0.00000000e+00  7.20514651e-07 -1.45986626e-06  7.20514651e-07  1.88369591e-08 
 3.00000000e+01  1.05000000e+00  0.00000000e+00  1.05000000e+00  0.00000000e+00  0.00000000e+00  7.51661699e-07 -1.52559805e-06  7.51661699e-07  2.22746521e-08 
 3.00000000e+01  1.06000000e+00  0.00000000e+00  1.06000000e+00  0.00000000e+00  0.00000000e+00  7.83943438e-07 -1.59420932e-06  7.83943438e-07  2.63224488e-08 
 3.00000000e+01  1.07000000e+00  0.00000000e+00  1.07000000e+00  0.00000000e+00  0.00000000e+00  8.17396050e-07 -1.66587554e-06  8.17396050e-07  3.10834370e-08 
 3.00000000e+01  1.08000000e+00  0.00000000e+00  1.08000000e+00  0.00000000e+00  0.00000000e+00  8.52056772e-07 -1.74079010e-06  8.52056772e-07  3.66765554e-08 
 3.00000000e+01  1.09000000e+00  0.00000000e+00  1.09000000e+00  0.00000000e+00  0.00000000e+00  8.87963917e-07 -1.81916640e-06  8.87963917e-07  4.32385679e-08 
 3.00000000e+01  1.10000000e+00  0.00000000e+00  1.10000000e+00  0.00000000e+00  0.00000000e+00  9.25156908e-07 -1.90123997e-06  9.25156908e-07  5.09261506e-08 
 3.00000000e+01  1.11000000e+00  0.00000000e+00  1.11000000e+00  0.00000000e+00  0.00000000e+00  9.63676306e-07 -1.98727067e-06  9.63676306e-07  5.99180617e-08 
 3.00000000e+01  1.12000000e+00  0.00000000e+00  1.12000000e+00  0.00000000e+00  0.00000000e+00  1.00356384e-06 -2.07754502e-06  1.00356384e-06  7.04173480e-08 
 3.00000000e+01  1.13000000e+00  0.00000000e+00  1.13000000e+00  0.00000000e+00  0.00000000e+00  1.04486243e-06 -2.17237840e-06  1.04486243e-06  8.26535325e-08 
 3.00000000e+01  1.14000000e+00  0.00000000e+00  1.14000000e+00  0.00000000e+00  0.00000000e+00  1.08761625e-06 -2.27211722e-06  1.08761625e-06  9.68847158e-08 
 3.00000000e+01  1.15000000e+00  0.00000000e+00  1.15000000e+00  0.00000000e+00  0.00000000e+00  1.13187072e-06 -2.37714095e-06  1.13187072e-06  1.13399511e-07 
 3.00000000e+01  1.16000000e+00  0.00000000e+00  1.16000000e+00  0.00000000e+00  0.00000000e+00  1.17767255e-06 -2.48786383e-06  1.17767255e-06  1.32518727e-07 
 3.00000000e+01  1.17000000e+00  0.00000000e+00  1.17000000e+00  0.00000000e+00  0.00000000e+00  1.22506980e-06 -2.60473630e-06  1.22506980e-06  1.54596708e-07 
 3.00000000e+01  1.18000000e+00  0.00000000e+00  1.18000000e+00  0.00000000e+00  0.00000000e+00  1.27411188e-06 -2.72824602e-06  1.27411188e-06  1.80022255e-07 
 3.00000000e+01  1.19000000e+00  0.00000000e+00  1.19000000e+00  0.00000000e+00  0.00000000e+00  1.32484962e-06 -2.85891829e-06  1.32484962e-06  2.09219045e-07 
 3.00000000e+01  1.20000000e+00  0.00000000e+00  1.20000000e+00  0.00000000e+00  0.00000000e+00  1.37733528e-06 -2.99731607e-06  1.37733528e-06  2.42645509e-07 
