 3.00000000e+01  1.00000000e-02  1.00000000e-02  0.00000000e+00  0.00000000e+00  0.00000000e+00 -9.36046046e-09  4.36022572e-11  9.31685502e-09  3.18015343e-15 
 3.00000000e+01  2.00000000e-02  2.00000000e-02  0.00000000e+00  0.00000000e+00  0.00000000e+00 -1.66526251e-08  9.40845349e-11  1.65585353e-08  5.34953528e-15 
 3.00000000e+01  3.00000000e-02  3.00000000e-02  0.00000000e+00  0.00000000e+00  0.00000000e+00 -2.21101074e-08  1.51799792e-10  2.19583008e-08  6.82938488e-15 
 3.00000000e+01  4.00000000e-02  4.00000000e-02  0.00000000e+00  0.00000000e+00  0.00000000e+00 -2.60873762e-08  2.17113865e-10  2.58702544e-08  7.83913725e-15 
 3.00000000e+01  5.00000000e-02  5.00000000e-02  0.00000000e+00  0.00000000e+00  0.00000000e+00 -2.90009072e-08  2.90405929e-10  2.87104928e-08  8.52841253e-15 
 3.00000000e+01  6.00000000e-02  6.00000000e-02  0.00000000e+00  0.00000000e+00  0.00000000e+00 -3.12294133e-08  3.72068956e-10  3.08573353e-08  8.99921488e-15 
 3.00000000e+01  7.00000000e-02  7.00000000e-02  0.00000000e+00  0.00000000e+00  0.00000000e+00 -3.30500176e-08  4.62510173e-10  3.25874981e-08  9.32108636e-15 
 3.00000000e+01  8.00000000e-02  8.00000000e-02  0.00000000e+00  0.00000000e+00  0.00000000e+00 -3.46384091e-08  5.62151538e-10  3.40762480e-08  9.54144338e-15 
 3.00000000e+01  9.00000000e-02  9.00000000e-02  0.00000000e+00  0.00000000e+00  0.00000000e+00 -3.60987144e-08  6.71430211e-10  3.54272745e-08  9.69262047e-15 
 3.00000000e+01  1.00000000e-01  1.00000000e-01  0.00000000e+00  0.00000000e+00  0.00000000e+00 -3.74919356e-08  7.90799045e-10  3.67011267e-08  9.79666934e-15 
 3.00000000e+01  1.10000000e-01  1.10000000e-01  0.00000000e+00  0.00000000e+00  0.00000000e+00 -3.88545727e-08  9.20727084e-10  3.79338358e-08  9.86862985e-15 
 3.00000000e+01  1.20000000e-01  1.20000000e-01  0.00000000e+00  0.00000000e+00  0.00000000e+00 -4.02093037e-08  1.06170008e-09  3.91475937e-08  9.91876022e-15 
 3.00000000e+01  1.30000000e-01  1.30000000e-01  0.00000000e+00  0.00000000e+00  0.00000000e+00 -4.15708702e-08  1.21422100e-09  4.03566392e-08  9.95405777e-15 
 3.00000000e+01  1.40000000e-01  1.40000000e-01  0.00000000e+00  0.00000000e+00  0.00000000e+00 -4.29493294e-08  1.37881060e-09  4.15705088e-08  9.97929611e-15 
 3.00000000e+01  1.50000000e-01  1.50000000e-01  0.00000000e+00  0.00000000e+00  0.00000000e+00 -4.43518880e-08  1.55600794e-09  4.27958701e-08  9.99773243e-15 
 3.00000000e+01  1.60000000e-01  1.60000000e-01  0.00000000e+00  0.00000000e+00  0.00000000e+00 -4.57839669e-08  1.74637096e-09  4.40375860e-08  1.00115899e-14 
 3.00000000e+01  1.70000000e-01  1.70000000e-01  0.00000000e+00  0.00000000e+00  0.00000000e+00 -4.72498382e-08  1.95047709e-09  4.52993510e-08  1.00223865e-14 
 3.00000000e+01  1.80000000e-01  1.80000000e-01  0.00000000e+00  0.00000000e+00  0.00000000e+00 -4.87530183e-08  2.16892382e-09  4.65840845e-08  1.00311596e-14 
 3.00000000e+01  1.90000000e-01  1.90000000e-01  0.00000000e+00  0.00000000e+00  0.00000000e+00 -5.02965186e-08  2.40232932e-09  4.78941792e-08  1.00386189e-14 
 3.00000000e+01  2.00000000e-01  2.00000000e-01  0.00000000e+00  0.00000000e+00  0.00000000e+00 -5.18830074e-08  2.65133310e-09  4.92316643e-08  1.00452504e-14 
 3.00000000e+01  2.10000000e-01  2.10000000e-01  0.00000000e+00  0.00000000e+00  0.00000000e+00 -5.35149205e-08  2.91659662e-09  5.05983138e-08  1.00513882e-14 
 3.00000000e+01  2.20000000e-01  2.20000000e-01  0.00000000e+00  0.00000000e+00  0.00000000e+00 -5.51945354e-08  3.19880398e-09  5.19957214e-08  1.00572625e-14 
 3.00000000e+01  2.30000000e-01  2.30000000e-01  0.00000000e+00  0.00000000e+00  0.00000000e+00 -5.69240245e-08  3.49866263e-09  5.34253518e-08  1.00630327e-14 
 3.00000000e+01  2.40000000e-01  2.40000000e-01  0.00000000e+00  0.00000000e+00  0.00000000e+00 -5.87054926e-08  3.81690404e-09  5.48885785e-08  1.00688105e-14 
 3.00000000e+01  2.50000000e-01  2.50000000e-01  0.00000000e+00  0.00000000e+00  0.00000000e+00 -6.05410048e-08  4.15428442e-09  5.63867103e-08  1.00746745e-14 
 3.00000000e+01  2.60000000e-01  2.60000000e-01  0.00000000e+00  0.00000000e+00  0.00000000e+00 -6.24326067e-08  4.51158553e-09  5.79210111e-08  1.00806814e-14 
 3.00000000e+01  2.70000000e-01  2.70000000e-01  0.00000000e+00  0.00000000e+00  0.00000000e+00 -6.43823411e-08  4.88961537e-09  5.94927157e-08  1.00868727e-14 
 3.00000000e+01  2.80000000e-01  2.80000000e-01  0.00000000e+00  0.00000000e+00  0.00000000e+00 -6.63922592e-08  5.28920902e-09  6.11030401e-08  1.00932798e-14 
 3.00000000e+01  2.90000000e-01  2.90000000e-01  0.00000000e+00  0.00000000e+00  0.00000000e+00 -6.84644310e-08  5.71122943e-09  6.27531915e-08  1.00999274e-14 
 3.00000000e+01  3.00000000e-01  3.00000000e-01  0.00000000e+00  0.00000000e+00  0.00000000e+00 -7.06009529e-08  6.15656827e-09  6.44443746e-08  1.01068355e-14 
 3.00000000e+01  3.10000000e-01  3.10000000e-01  0.00000000e+00  0.00000000e+00  0.00000000e+00 -7.28039543e-08  6.62614675e-09  6.61777974e-08  1.01140212e-14 
 3.00000000e+01  3.20000000e-01  3.20000000e-01  0.00000000e+00  0.00000000e+00  0.00000000e+00 -7.50756026e-08  7.12091655e-09  6.79546759e-08  1.01214996e-14 
 3.00000000e+01  3.30000000e-01  3.30000000e-01  0.00000000e+00  0.00000000e+00  0.00000000e+00 -7.74181088e-08  7.64186070e-09  6.97762379e-08  1.01292846e-14 
 3.00000000e+01  3.40000000e-01  3.40000000e-01  0.00000000e+00  0.00000000e+00  0.00000000e+00 -7.98337306e-08  8.18999449e-09  7.16437260e-08  1.01373896e-14 
 3.00000000e+01  3.50000000e-01  3.50000000e-01  0.00000000e+00  0.00000000e+00  0.00000000e+00 -8.23247767e-08  8.76636645e-09  7.35584001e-08  1.01458274e-14 
 3.00000000e+01  3.60000000e-01  3.60000000e-01  0.00000000e+00  0.00000000e+00  0.00000000e+00 -8.48936099e-08  9.37205936e-09  7.55215404e-08  1.01546108e-14 
 3.00000000e+01  3.70000000e-01  3.70000000e-01  0.00000000e+00  0.00000000e+00  0.00000000e+00 -8.75426502e-08  1.00081912e-08  7.75344489e-08  1.01637527e-14 
 3.00000000e+01  3.80000000e-01  3.80000000e-01  0.00000000e+00  0.00000000e+00  0.00000000e+00 -9.02743775e-08  1.06759162e-08  7.95984512e-08  1.01732660e-14 
 3.00000000e+01  3.90000000e-01  3.90000000e-01  0.00000000e+00  0.00000000e+00  0.00000000e+00 -9.30913347e-08  1.13764259e-08  8.17148986e-08  1.01831640e-14 
 3.00000000e+01  4.00000000e-01  4.00000000e-01  0.00000000e+00  0.00000000e+00  0.00000000e+00 -9.59961298e-08  1.21109503e-08  8.38851692e-08  1.01934603e-14 
 3.00000000e+01  4.10000000e-01  4.10000000e-01  0.00000000e+00  0.00000000e+00  0.00000000e+00 -9.89914388e-08  1.28807591e-08  8.61106695e-08  1.02041688e-14 
 3.00000000e+01  4.20000000e-01  4.20000000e-01  0.00000000e+00  0.00000000e+00  0.00000000e+00 -1.02080008e-07  1.36871623e-08  8.83928356e-08  1.02153039e-14 
 3.00000000e+01  4.30000000e-01  4.30000000e-01  0.00000000e+00  0.00000000e+00  0.00000000e+00 -1.05264657e-07  1.45315122e-08  9.07331344e-08  1.02268801e-14 
 3.00000000e+01  4.40000000e-01  4.40000000e-01  0.00000000e+00  0.00000000e+00  0.00000000e+00 -1.08548280e-07  1.54152040e-08  9.31330653e-08  1.02389128e-14 
 3.00000000e+01  4.50000000e-01  4.50000000e-01  0.00000000e+00  0.00000000e+00  0.00000000e+00 -1.11933848e-07  1.63396774e-08  9.55941605e-08  1.02514175e-14 
 3.00000000e+01  4.60000000e-01  4.60000000e-01  0.00000000e+00  0.00000000e+00  0.00000000e+00 -1.15424415e-07  1.73064175e-08  9.81179869e-08  1.02644103e-14 
 3.00000000e+01  4.70000000e-01  4.70000000e-01  0.00000000e+00  0.00000000e+00  0.00000000e+00 -1.19023114e-07  1.83169566e-08  1.00706147e-07  1.02779079e-14 
 3.00000000e+01  4.80000000e-01  4.80000000e-01  0.00000000e+00  0.00000000e+00  0.00000000e+00 -1.22733165e-07  1.93728753e-08  1.03360279e-07  1.02919274e-14 
 3.00000000e+01  4.90000000e-01  4.90000000e-01  0.00000000e+00  0.00000000e+00  0.00000000e+00 -1.26557874e-07  2.04758039e-08  1.06082060e-07  1.03064864e-14 
 3.00000000e+01  5.00000000e-01  5.00000000e-01  0.00000000e+00  0.00000000e+00  0.00000000e+00 -1.30500639e-07  2.16274237e-08  1.08873205e-07  1.03216032e-14 
 3.00000000e+01  5.10000000e-01  5.10000000e-01  0.00000000e+00  0.00000000e+00  0.00000000e+00 -1.34564949e-07  2.28294690e-08  1.11735470e-07  1.03372965e-14 
 3.00000000e+01  5.20000000e-01  5.20000000e-01  0.00000000e+00  0.00000000e+00  0.00000000e+00 -1.38754387e-07  2.40837278e-08  1.14670649e-07  1.03535857e-14 
 3.00000000e+01  5.30000000e-01  5.30000000e-01  0.00000000e+00  0.00000000e+00  0.00000000e+00 -1.43072636e-07  2.53920441e-08  1.17680582e-07  1.03704907e-14 
 3.00000000e+01  5.40000000e-01  5.40000000e-01  0.00000000e+00  0.00000000e+00  0.00000000e+00 -1.47523478e-07  2.67563192e-08  1.20767149e-07  1.03880321e-14 
 3.00000000e+01  5.50000000e-01  5.50000000e-01  0.00000000e+00  0.00000000e+00  0.00000000e+00 -1.52110798e-07  2.81785130e-08  1.23932274e-07  1.04062311e-14 
 3.00000000e+01  5.60000000e-01  5.60000000e-01  0.00000000e+00  0.00000000e+00  0.00000000e+00 -1.56838586e-07  2.96606465e-08  1.27177929e-07  1.04251095e-14 
 3.00000000e+01  5.70000000e-01  5.70000000e-01  0.00000000e+00  0.00000000e+00  0.00000000e+00 -1.61710943e-07  3.12048026e-08  1.30506130e-07  1.04446898e-14 
 3.00000000e+01  5.80000000e-01  5.80000000e-01  0.00000000e+00  0.00000000e+00  0.00000000e+00 -1.66732079e-07  3.28131285e-08  1.33918940e-07  1.04649953e-14 
 3.00000000e+01  5.90000000e-01  5.90000000e-01  0.00000000e+00  0.00000000e+00  0.00000000e+00 -1.71906322e-07  3.44878374e-08  1.37418474e-07  1.04860498e-14 
 3.00000000e+01  6.00000000e-01  6.00000000e-01  0.00000000e+00  0.00000000e+00  0.00000000e+00 -1.77238113e-07  3.62312101e-08  1.41006892e-07  1.05078780e-14 
 3.00000000e+01  6.10000000e-01  6.10000000e-01  0.00000000e+00  0.00000000e+00  0.00000000e+00 -1.82732018e-07  3.80455973e-08  1.44686410e-07  1.05305053e-14 
 3.00000000e+01  6.20000000e-01  6.20000000e-01  0.00000000e+00  0.00000000e+00  0.00000000e+00 -1.88392723e-07  3.99334214e-08  1.48459291e-07  1.05539577e-14 
 3.00000000e+01  6.30000000e-01  6.30000000e-01  0.00000000e+00  0.00000000e+00  0.00000000e+00 -1.94225045e-07  4.18971784e-08  1.52327856e-07  1.05782624e-14 
 3.00000000e+01  6.40000000e-01  6.40000000e-01  0.00000000e+00  0.00000000e+00  0.00000000e+00 -2.00233929e-07  4.39394401e-08  1.56294478e-07  1.06034469e-14 
 3.00000000e+01  6.50000000e-01  6.50000000e-01  0.00000000e+00  0.00000000e+00  0.00000000e+00 -2.06424454e-07  4.60628564e-08  1.60361587e-07  1.06295399e-14 
 3.00000000e+01  6.60000000e-01  6.60000000e-01  0.00000000e+00  0.00000000e+00  0.00000000e+00 -2.12801837e-07  4.82701571e-08  1.64531669e-07  1.06565709e-14 
 3.00000000e+01  6.70000000e-01  6.70000000e-01  0.00000000e+00  0.00000000e+00  0.00000000e+00 -2.19371435e-07  5.05641546e-08  1.68807270e-07  1.06845702e-14 
 3.00000000e+01  6.80000000e-01  6.80000000e-01  0.00000000e+00  0.00000000e+00  0.00000000e+00 -2.26138750e-07  5.29477459e-08  1.73190994e-07  1.07135689e-14 
 3.00000000e+01  6.90000000e-01  6.90000000e-01  0.00000000e+00  0.00000000e+00  0.00000000e+00 -2.33109434e-07  5.54239150e-08  1.77685508e-07  1.07435993e-14 
 3.00000000e+01  7.00000000e-01  7.00000000e-01  0.00000000e+00  0.00000000e+00  0.00000000e+00 -2.40289287e-07  5.79957353e-08  1.82293541e-07  1.07746945e-14 
 3.00000000e+01  7.10000000e-01  7.10000000e-01  0.00000000e+00  0.00000000e+00  0.00000000e+00 -2.47684269e-07  6.06663726e-08  1.87017886e-07  1.08068886e-14 
 3.00000000e+01  7.20000000e-01  7.20000000e-01  0.00000000e+00  0.00000000e+00  0.00000000e+00 -2.55300498e-07  6.34390868e-08  1.91861401e-07  1.08402167e-14 
 3.00000000e+01  7.30000000e-01  7.30000000e-01  0.00000000e+00  0.00000000e+00  0.00000000e+00 -2.63144257e-07  6.63172353e-08  1.96827011e-07  1.08747149e-14 
 3.00000000e+01  7.40000000e-01  7.40000000e-01  0.00000000e+00  0.00000000e+00  0.00000000e+00 -2.71221995e-07  6.93042753e-08  2.01917709e-07  1.09104205e-14 
 3.00000000e+01  7.50000000e-01  7.50000000e-01  0.00000000e+00  0.00000000e+00  0.00000000e+00 -2.79540337e-07  7.24037665e-08  2.07136559e-07  1.09473718e-14 
 3.00000000e+01  7.60000000e-01  7.60000000e-01  0.00000000e+00  0.00000000e+00  0.00000000e+00 -2.88106082e-07  7.56193745e-08  2.12486697e-07  1.09856082e-14 
 3.00000000e+01  7.70000000e-01  7.70000000e-01  0.00000000e+00  0.00000000e+00  0.00000000e+00 -2.96926213e-07  7.89548730e-08  2.17971329e-07  1.10251703e-14 
 3.00000000e+01  7.80000000e-01  7.80000000e-01  0.00000000e+00  0.00000000e+00  0.00000000e+00 -3.06007898e-07  8.24141473e-08  2.23593740e-07  1.10660999e-14 
 3.00000000e+01  7.90000000e-01  7.90000000e-01  0.00000000e+00  0.00000000e+00  0.00000000e+00 -3.15358495e-07  8.60011973e-08  2.29357286e-07  1.11084400e-14 
 3.00000000e+01  8.00000000e-01  8.00000000e-01  0.00000000e+00  0.00000000e+00  0.00000000e+00 -3.24985559e-07  8.97201405e-08  2.35265407e-07  1.11522348e-14 
 3.00000000e+01  8.10000000e-01  8.10000000e-01  0.00000000e+00  0.00000000e+00  0.00000000e+00 -3.34896845e-07  9.35752153e-08  2.41321618e-07  1.11975299e-14 
 3.00000000e+01  8.20000000e-01  8.20000000e-01  0.00000000e+00  0.00000000e+00  0.00000000e+00 -3.45100314e-07  9.75707844e-08  2.47529518e-07  1.12443721e-14 
 3.00000000e+01  8.30000000e-01  8.30000000e-01  0.00000000e+00  0.00000000e+00  0.00000000e+00 -3.55604137e-07  1.01711338e-07  2.53892788e-07  1.12928096e-14 
 3.00000000e+01  8.40000000e-01  8.40000000e-01  0.00000000e+00  0.00000000e+00  0.00000000e+00 -3.66416705e-07  1.06001499e-07  2.60415195e-07  1.13428921e-14 
 3.00000000e+01  8.50000000e-01  8.50000000e-01  0.00000000e+00  0.00000000e+00  0.00000000e+00 -3.77546625e-07  1.10446022e-07  2.67100592e-07  1.13946705e-14 
 3.00000000e+01  8.60000000e-01  8.60000000e-01  0.00000000e+00  0.00000000e+00  0.00000000e+00 -3.89002736e-07  1.15049802e-07  2.73952922e-07  1.14481973e-14 
 3.00000000e+01  8.70000000e-01  8.70000000e-01  0.00000000e+00  0.00000000e+00  0.00000000e+00 -4.00794108e-07  1.19817878e-07  2.80976219e-07  1.15035266e-14 
 3.00000000e+01  8.80000000e-01  8.80000000e-01  0.00000000e+00  0.00000000e+00  0.00000000e+00 -4.12930051e-07  1.24755432e-07  2.88174607e-07  1.15607138e-14 
 3.00000000e+01  8.90000000e-01  8.90000000e-01  0.00000000e+00  0.00000000e+00  0.00000000e+00 -4.25420118e-07  1.29867797e-07  2.95552309e-07  1.16198161e-14 
 3.00000000e+01  9.00000000e-01  9.00000000e-01  0.00000000e+00  0.00000000e+00  0.00000000e+00 -4.38274116e-07  1.35160462e-07  3.03113643e-07  1.16808923e-14 
 3.00000000e+01  9.10000000e-01  9.10000000e-01  0.00000000e+00  0.00000000e+00  0.00000000e+00 -4.51502108e-07  1.40639073e-07  3.10863024e-07  1.17440027e-14 
 3.00000000e+01  9.20000000e-01  9.20000000e-01  0.00000000e+00  0.00000000e+00  0.00000000e+00 -4.65114421e-07  1.46309438e-07  3.18804971e-07  1.18092096e-14 
 3.00000000e+01  9.30000000e-01  9.30000000e-01  0.00000000e+00  0.00000000e+00  0.00000000e+00 -4.79121652e-07  1.52177535e-07  3.26944105e-07  1.22615208e-14 
 3.00000000e+01  9.40000000e-01  9.40000000e-01  0.00000000e+00  0.00000000e+00  0.00000000e+00 -4.93534678e-07  1.58249510e-07  3.35285155e-07  1.34196220e-14 
 3.00000000e+01  9.50000000e-01  9.50000000e-01  0.00000000e+00  0.00000000e+00  0.00000000e+00 -5.08364657e-07  1.64531689e-07  3.43832953e-07  1.51278223e-14 
 3.00000000e+01  9.60000000e-01  9.60000000e-01  0.00000000e+00  0.00000000e+00  0.00000000e+00 -5.23623040e-07  1.71030576e-07  3.52592446e-07  1.76338083e-14 
 3.00000000e+01  9.70000000e-01  9.70000000e-01  0.00000000e+00  0.00000000e+00  0.00000000e+00 -5.39321578e-07  1.77752864e-07  3.61568692e-07  2.13306368e-14 
 3.00000000e+01  9.80000000e-01  9.80000000e-01  0.00000000e+00  0.00000000e+00  0.00000000e+00 -5.55472327e-07  1.84705436e-07  3.70766864e-07  2.70251344e-14 
 3.00000000e+01  9.90000000e-01  9.90000000e-01  0.00000000e+00  0.00000000e+00  0.00000000e+00 -5.72087659e-07  1.91895370e-07  3.80192252e-07  3.70184278e-14 
 3.00000000e+01  1.00000000e+00  1.00000000e+00  0.00000000e+00  0.00000000e+00  0.00000000e+00 -5.89180273e-07  1.99329947e-07  3.89850268e-07  5.89757909e-14 
 3.00000000e+01  1.01000000e+00  1.01000000e+00  0.00000000e+00  0.00000000e+00  0.00000000e+00 -6.06763217e-07  2.07016654e-07  3.99746444e-07  1.17983405e-13 
 3.00000000e+01  1.02000000e+00  1.02000000e+00  0.00000000e+00  0.00000000e+00  0.00000000e+00 -6.24849924e-07  2.14963193e-07  4.09886442e-07  2.89533348e-13 
 3.00000000e+01  1.03000000e+00  1.03000000e+00  0.00000000e+00  0.00000000e+00  0.00000000e+00 -6.43454307e-07  2.23177481e-07  4.20276047e-07  7.79951715e-13 
 3.00000000e+01  1.04000000e+00  1.04000000e+00  0.00000000e+00  0.00000000e+00  0.00000000e+00 -6.62590943e-07  2.31667661e-07  4.30921178e-07  2.10371288e-12 
 3.00000000e+01  1.05000000e+00  1.05000000e+00  0.00000000e+00  0.00000000e+00  0.00000000e+00 -6.82275436e-07  2.40442106e-07  4.41827889e-07  5.44138793e-12 
 3.00000000e+01  1.06000000e+00  1.06000000e+00  0.00000000e+00  0.00000000e+00  0.00000000e+00 -7.02525101e-07  2.49509426e-07  4.53002367e-07  1.33085502e-11 
 3.00000000e+01  1.07000000e+00  1.07000000e+00  0.00000000e+00  0.00000000e+00  0.00000000e+00 -7.23360138e-07  2.58878472e-07  4.64450943e-07  3.07237041e-11 
 3.00000000e+01  1.08000000e+00  1.08000000e+00  0.00000000e+00  0.00000000e+00  0.00000000e+00 -7.44805561e-07  2.68558345e-07  4.76180087e-07  6.71288498e-11 
 3.00000000e+01  1.09000000e+00  1.09000000e+00  0.00000000e+00  0.00000000e+00  0.00000000e+00 -7.66894206e-07  2.78558403e-07  4.88196419e-07  1.39384233e-10 
 3.00000000e+01  1.10000000e+00  1.10000000e+00  0.00000000e+00  0.00000000e+00  0.00000000e+00 -7.89671192e-07  2.88888265e-07  5.00506705e-07  2.76222390e-10 
 3.00000000e+01  1.11000000e+00  1.11000000e+00  0.00000000e+00  0.00000000e+00  0.00000000e+00 -8.13200284e-07  2.99557820e-07  5.13117865e-07  5.24598590e-10 
 3.00000000e+01  1.12000000e+00  1.12000000e+00  0.00000000e+00  0.00000000e+00  0.00000000e+00 -8.37572619e-07  3.10577236e-07  5.26036974e-07  9.58408591e-10 
 3.00000000e+01  1.13000000e+00  1.13000000e+00  0.00000000e+00  0.00000000e+00  0.00000000e+00 -8.62918285e-07  3.21956961e-07  5.39271269e-07  1.69005519e-09 
 3.00000000e+01  1.14000000e+00  1.14000000e+00  0.00000000e+00  0.00000000e+00  0.00000000e+00 -8.89421215e-07  3.33707739e-07  5.52828147e-07  2.88532924e-09 
 3.00000000e+01  1.15000000e+00  1.15000000e+00  0.00000000e+00  0.00000000e+00  0.00000000e+00 -9.17337813e-07  3.45840612e-07  5.66715173e-07  4.78202809e-09 
 3.00000000e+01  1.16000000e+00  1.16000000e+00  0.00000000e+00  0.00000000e+00  0.00000000e+00 -9.47019678e-07  3.58366929e-07  5.80940084e-07  7.71266587e-09 
 3.00000000e+01  1.17000000e+00  1.17000000e+00  0.00000000e+00  0.00000000e+00  0.00000000e+00 -9.78940684e-07  3.71298354e-07  5.95510790e-07  1.21315402e-08 
 3.00000000e+01  1.18000000e+00  1.18000000e+00  0.00000000e+00  0.00000000e+00  0.00000000e+00 -1.01372857e-06  3.84646878e-07  6.10435381e-07  1.86463122e-08 
 3.00000000e+01  1.19000000e+00  1.19000000e+00  0.00000000e+00  0.00000000e+00  0.00000000e+00 -1.05220109e-06  3.98424822e-07  6.25722130e-07  2.80541384e-08 
 3.00000000e+01  1.20000000e+00  1.20000000e+00  0.00000000e+00  0.00000000e+00  0.00000000e+00 -1.09540662e-06  4.12644848e-07  6.41379499e-07  4.13822699e-08 
