 3.00000000e+01  1.00000000e-02  1.00000000e-02  0.00000000e+00  1.00000000e-02  1.00000000e-02 -8.43575501e-11  1.68716206e-10 -8.43575501e-11 -1.10566938e-15 
 3.00000000e+01  2.00000000e-02  2.00000000e-02  0.00000000e+00  2.00000000e-02  2.00000000e-02 -1.55486794e-10  3.10975840e-10 -1.55486794e-10 -2.25259264e-15 
 3.00000000e+01  3.00000000e-02  3.00000000e-02  0.00000000e+00  3.00000000e-02  3.00000000e-02 -2.13886234e-10  4.27775910e-10 -2.13886234e-10 -3.44125770e-15 
 3.00000000e+01  4.00000000e-02  4.00000000e-02  0.00000000e+00  4.00000000e-02  4.00000000e-02 -2.60048078e-10  5.20100829e-10 -2.60048078e-10 -4.67442925e-15 
 3.00000000e+01  5.00000000e-02  5.00000000e-02  0.00000000e+00  5.00000000e-02  5.00000000e-02 -2.94461956e-10  5.88929866e-10 -2.94461956e-10 -5.95487201e-15 
 3.00000000e+01  6.00000000e-02  6.00000000e-02  0.00000000e+00  6.00000000e-02  6.00000000e-02 -3.17620616e-10  6.35248518e-10 -3.17620616e-10 -7.28670596e-15 
 3.00000000e+01  7.00000000e-02  7.00000000e-02  0.00000000e+00  7.00000000e-02  7.00000000e-02 -3.30028713e-10  6.60066102e-10 -3.30028713e-10 -8.67643631e-15 
 3.00000000e+01  8.00000000e-02  8.00000000e-02  0.00000000e+00  8.00000000e-02  8.00000000e-02 -3.32216613e-10  6.64443354e-10 -3.32216613e-10 -1.01290504e-14 
 3.00000000e+01  9.00000000e-02  9.00000000e-02  0.00000000e+00  9.00000000e-02  9.00000000e-02 -3.24762447e-10  6.49536549e-10 -3.24762447e-10 -1.16547397e-14 
 3.00000000e+01  1.00000000e-01  1.00000000e-01  0.00000000e+00  1.00000000e-01  1.00000000e-01 -3.08328311e-10  6.16669889e-10 -3.08328311e-10 -1.32667315e-14 
 3.00000000e+01  1.10000000e-01  1.10000000e-01  0.00000000e+00  1.10000000e-01  1.10000000e-01 -2.83722388e-10  5.67459755e-10 -2.83722388e-10 -1.49789035e-14 
 3.00000000e+01  1.20000000e-01  1.20000000e-01  0.00000000e+00  1.20000000e-01  1.20000000e-01 -2.52014440e-10  5.04045692e-10 -2.52014440e-10 -1.68125062e-14 
 3.00000000e+01  1.30000000e-01  1.30000000e-01  0.00000000e+00  1.30000000e-01  1.30000000e-01 -2.14784055e-10  4.29586900e-10 -2.14784055e-10 -1.87918257e-14 
 3.00000000e+01  1.40000000e-01  1.40000000e-01  0.00000000e+00  1.40000000e-01  1.40000000e-01 -1.74805149e-10  3.49631246e-10 -1.74805149e-10 -2.09489544e-14 
 3.00000000e+01  1.50000000e-01  1.50000000e-01  0.00000000e+00  1.50000000e-01  1.50000000e-01 -1.38770639e-10  2.77564598e-10 -1.38770639e-10 -2.33233571e-14 
 3.00000000e+01  1.60000000e-01  1.60000000e-01  0.00000000e+00  1.60000000e-01  1.60000000e-01 -1.30790384e-10  2.61606730e-10 -1.30790384e-10 -2.59640399e-14 
 3.00000000e+01  1.70000000e-01  1.70000000e-01  0.00000000e+00  1.70000000e-01  1.70000000e-01 -1.94961306e-10  3.89951542e-10 -1.94961306e-10 -2.89304171e-14 
 3.00000000e+01  1.80000000e-01  1.80000000e-01  0.00000000e+00  1.80000000e-01  1.80000000e-01 -3.16852988e-10  6.33738276e-10 -3.16852988e-10 -3.23040206e-14 
 3.00000000e+01  1.90000000e-01  1.90000000e-01  0.00000000e+00  1.90000000e-01  1.90000000e-01 -4.80950250e-10  9.61936667e-10 -4.80950250e-10 -3.61694182e-14 
 3.00000000e+01  2.00000000e-01  2.00000000e-01  0.00000000e+00  2.00000000e-01  2.00000000e-01 -6.90908895e-10  1.38185843e-09 -6.90908895e-10 -4.06402342e-14 
 3.00000000e+01  2.10000000e-01  2.10000000e-01  0.00000000e+00  2.10000000e-01  2.10000000e-01 -9.56255030e-10  1.91255591e-09 -9.56255030e-10 -4.58556804e-14 
 3.00000000e+01  2.20000000e-01  2.20000000e-01  0.00000000e+00  2.20000000e-01  2.20000000e-01 -1.28869433e-09  2.57744065e-09 -1.28869433e-09 -5.19835910e-14 
 3.00000000e+01  2.30000000e-01  2.30000000e-01  0.00000000e+00  2.30000000e-01  2.30000000e-01 -1.70020313e-09  3.40046548e-09 -1.70020313e-09 -5.92234595e-14 
 3.00000000e+01  2.40000000e-01  2.40000000e-01  0.00000000e+00  2.40000000e-01  2.40000000e-01 -2.20129312e-09  4.40265407e-09 -2.20129312e-09 -6.78302900e-14 
 3.00000000e+01  2.50000000e-01  2.50000000e-01  0.00000000e+00  2.50000000e-01  2.50000000e-01 -2.79967454e-09  5.59942717e-09 -2.79967454e-09 -7.80972509e-14 
 3.00000000e+01  2.60000000e-01  2.60000000e-01  0.00000000e+00  2.60000000e-01  2.60000000e-01 -3.49975925e-09  6.99960888e-09 -3.49975925e-09 -9.03790931e-14 
 3.00000000e+01  2.70000000e-01  2.70000000e-01  0.00000000e+00  2.70000000e-01  2.70000000e-01 -4.30308858e-09  8.60628230e-09 -4.30308858e-09 -1.05137253e-13 
 3.00000000e+01  2.80000000e-01  2.80000000e-01  0.00000000e+00  2.80000000e-01  2.80000000e-01 -5.20933621e-09  1.04187953e-08 -5.20933621e-09 -1.22895617e-13 
 3.00000000e+01  2.90000000e-01  2.90000000e-01  0.00000000e+00  2.90000000e-01  2.90000000e-01 -6.21739259e-09  1.24349295e-08 -6.21739259e-09 -1.44304707e-13 
 3.00000000e+01  3.00000000e-01  3.00000000e-01  0.00000000e+00  3.00000000e-01  3.00000000e-01 -7.32619472e-09  1.46525596e-08 -7.32619472e-09 -1.70147750e-13 
 3.00000000e+01  3.10000000e-01  3.10000000e-01  0.00000000e+00  3.10000000e-01  3.10000000e-01 -8.53520495e-09  1.70706112e-08 -8.53520495e-09 -2.01357160e-13 
 3.00000000e+01  3.20000000e-01  3.20000000e-01  0.00000000e+00  3.20000000e-01  3.20000000e-01 -9.84459967e-09  1.96894384e-08 -9.84459967e-09 -2.39080457e-13 
 3.00000000e+01  3.30000000e-01  3.30000000e-01  0.00000000e+00  3.30000000e-01  3.30000000e-01 -1.12552760e-08  2.25108367e-08 -1.12552760e-08 -2.84690674e-13 
 3.00000000e+01  3.40000000e-01  3.40000000e-01  0.00000000e+00  3.40000000e-01  3.40000000e-01 -1.27687698e-08  2.55378794e-08 -1.27687698e-08 -3.39831462e-13 
 3.00000000e+01  3.50000000e-01  3.50000000e-01  0.00000000e+00  3.50000000e-01  3.50000000e-01 -1.43871448e-08  2.87746960e-08 -1.43871448e-08 -4.06503824e-13 
 3.00000000e+01  3.60000000e-01  3.60000000e-01  0.00000000e+00  3.60000000e-01  3.60000000e-01 -1.61128852e-08  3.22262575e-08 -1.61128852e-08 -4.87081729e-13 
 3.00000000e+01  3.70000000e-01  3.70000000e-01  0.00000000e+00  3.70000000e-01  3.70000000e-01 -1.79488050e-08  3.58981944e-08 -1.79488050e-08 -5.84427472e-13 
 3.00000000e+01  3.80000000e-01  3.80000000e-01  0.00000000e+00  3.80000000e-01  3.80000000e-01 -1.98979763e-08  3.97966546e-08 -1.98979763e-08 -7.02001825e-13 
 3.00000000e+01  3.90000000e-01  3.90000000e-01  0.00000000e+00  3.90000000e-01  3.90000000e-01 -2.19636770e-08  4.39281979e-08 -2.19636770e-08 -8.43916083e-13 
 3.00000000e+01  4.00000000e-01  4.00000000e-01  0.00000000e+00  4.00000000e-01  4.00000000e-01 -2.41493524e-08  4.82997200e-08 -2.41493524e-08 -1.01512028e-12 
 3.00000000e+01  4.10000000e-01  4.10000000e-01  0.00000000e+00  4.10000000e-01  4.10000000e-01 -2.64585899e-08  5.29184014e-08 -2.64585899e-08 -1.22155237e-12 
 3.00000000e+01  4.20000000e-01  4.20000000e-01  0.00000000e+00  4.20000000e-01  4.20000000e-01 -2.88951014e-08  5.77916732e-08 -2.88951014e-08 -1.47031866e-12 
 3.00000000e+01  4.30000000e-01  4.30000000e-01  0.00000000e+00  4.30000000e-01  4.30000000e-01 -3.14627130e-08  6.29271959e-08 -3.14627130e-08 -1.76993142e-12 
 3.00000000e+01  4.40000000e-01  4.40000000e-01  0.00000000e+00  4.40000000e-01  4.40000000e-01 -3.41653583e-08  6.83328472e-08 -3.41653583e-08 -2.13056656e-12 
 3.00000000e+01  4.50000000e-01  4.50000000e-01  0.00000000e+00  4.50000000e-01  4.50000000e-01 -3.70070761e-08  7.40167167e-08 -3.70070761e-08 -2.56442437e-12 
 3.00000000e+01  4.60000000e-01  4.60000000e-01  0.00000000e+00  4.60000000e-01  4.60000000e-01 -3.99920089e-08  7.99871038e-08 -3.99920089e-08 -3.08610082e-12 
 3.00000000e+01  4.70000000e-01  4.70000000e-01  0.00000000e+00  4.70000000e-01  4.70000000e-01 -4.31244035e-08  8.62525200e-08 -4.31244035e-08 -3.71303509e-12 
 3.00000000e+01  4.80000000e-01  4.80000000e-01  0.00000000e+00  4.80000000e-01  4.80000000e-01 -4.64086127e-08  9.28216915e-08 -4.64086127e-08 -4.46611324e-12 
 3.00000000e+01  4.90000000e-01  4.90000000e-01  0.00000000e+00  4.90000000e-01  4.90000000e-01 -4.98490971e-08  9.97035645e-08 -4.98490971e-08 -5.37024418e-12 
 3.00000000e+01  5.00000000e-01  5.00000000e-01  0.00000000e+00  5.00000000e-01  5.00000000e-01 -5.34504275e-08  1.06907310e-07 -5.34504275e-08 -6.45525473e-12 
 3.00000000e+01  5.10000000e-01  5.10000000e-01  0.00000000e+00  5.10000000e-01  5.10000000e-01 -5.72172871e-08  1.14442331e-07 -5.72172871e-08 -7.75677786e-12 
 3.00000000e+01  5.20000000e-01  5.20000000e-01  0.00000000e+00  5.20000000e-01  5.20000000e-01 -6.11544744e-08  1.22318266e-07 -6.11544744e-08 -9.31734204e-12 
 3.00000000e+01  5.30000000e-01  5.30000000e-01  0.00000000e+00  5.30000000e-01  5.30000000e-01 -6.52669059e-08  1.30545000e-07 -6.52669059e-08 -1.11877643e-11 
 3.00000000e+01  5.40000000e-01  5.40000000e-01  0.00000000e+00  5.40000000e-01  5.40000000e-01 -6.95596183e-08  1.39132665e-07 -6.95596183e-08 -1.34287338e-11 
 3.00000000e+01  5.50000000e-01  5.50000000e-01  0.00000000e+00  5.50000000e-01  5.50000000e-01 -7.40377713e-08  1.48091655e-07 -7.40377713e-08 -1.61126668e-11 
 3.00000000e+01  5.60000000e-01  5.60000000e-01  0.00000000e+00  5.60000000e-01  5.60000000e-01 -7.87066505e-08  1.57432627e-07 -7.87066505e-08 -1.93260356e-11 
 3.00000000e+01  5.70000000e-01  5.70000000e-01  0.00000000e+00  5.70000000e-01  5.70000000e-01 -8.35716694e-08  1.67166511e-07 -8.35716694e-08 -2.31719730e-11 
 3.00000000e+01  5.80000000e-01  5.80000000e-01  0.00000000e+00  5.80000000e-01  5.80000000e-01 -8.86383725e-08  1.77304519e-07 -8.86383725e-08 -2.77735526e-11 
 3.00000000e+01  5.90000000e-01  5.90000000e-01  0.00000000e+00  5.90000000e-01  5.90000000e-01 -9.39124374e-08  1.87858152e-07 -9.39124374e-08 -3.32775751e-11 
 3.00000000e+01  6.00000000e-01  6.00000000e-01  0.00000000e+00  6.00000000e-01  6.00000000e-01 -9.93996778e-08  1.98839215e-07 -9.93996778e-08 -3.98590830e-11 
 3.00000000e+01  6.10000000e-01  6.10000000e-01  0.00000000e+00  6.10000000e-01  6.10000000e-01 -1.05106046e-07  2.10259819e-07 -1.05106046e-07 -4.77267947e-11 
 3.00000000e+01  6.20000000e-01  6.20000000e-01  0.00000000e+00  6.20000000e-01  6.20000000e-01 -1.11037635e-07  2.22132400e-07 -1.11037635e-07 -5.71294696e-11 
 3.00000000e+01  6.30000000e-01  6.30000000e-01  0.00000000e+00  6.30000000e-01  6.30000000e-01 -1.17200683e-07  2.34469730e-07 -1.17200683e-07 -6.83636116e-11 
 3.00000000e+01  6.40000000e-01  6.40000000e-01  0.00000000e+00  6.40000000e-01  6.40000000e-01 -1.23601574e-07  2.47284930e-07 -1.23601574e-07 -8.17825252e-11 
 3.00000000e+01  6.50000000e-01  6.50000000e-01  0.00000000e+00  6.50000000e-01  6.50000000e-01 -1.30246840e-07  2.60591487e-07 -1.30246840e-07 -9.78070559e-11 
 3.00000000e+01  6.60000000e-01  6.60000000e-01  0.00000000e+00  6.60000000e-01  6.60000000e-01 -1.37143168e-07  2.74403275e-07 -1.37143168e-07 -1.16938478e-10 
 3.00000000e+01  6.70000000e-01  6.70000000e-01  0.00000000e+00  6.70000000e-01  6.70000000e-01 -1.44297399e-07  2.88734571e-07 -1.44297399e-07 -1.39773665e-10 
 3.00000000e+01  6.80000000e-01  6.80000000e-01  0.00000000e+00  6.80000000e-01  6.80000000e-01 -1.51716531e-07  3.03600086e-07 -1.51716531e-07 -1.67023197e-10 
 3.00000000e+01  6.90000000e-01  6.90000000e-01  0.00000000e+00  6.90000000e-01  6.90000000e-01 -1.59407726e-07  3.19014984e-07 -1.59407726e-07 -1.99532824e-10 
 3.00000000e+01  7.00000000e-01  7.00000000e-01  0.00000000e+00  7.00000000e-01  7.00000000e-01 -1.67378307e-07  3.34994923e-07 -1.67378307e-07 -2.38308874e-10 
 3.00000000e+01  7.10000000e-01  7.10000000e-01  0.00000000e+00  7.10000000e-01  7.10000000e-01 -1.75635768e-07  3.51556084e-07 -1.75635768e-07 -2.84548539e-10 
 3.00000000e+01  7.20000000e-01  7.20000000e-01  0.00000000e+00  7.20000000e-01  7.20000000e-01 -1.84187770e-07  3.68715216e-07 -1.84187770e-07 -3.39675560e-10 
 3.00000000e+01  7.30000000e-01  7.30000000e-01  0.00000000e+00  7.30000000e-01  7.30000000e-01 -1.93042153e-07  3.86489689e-07 -1.93042153e-07 -4.05382710e-10 
 3.00000000e+01  7.40000000e-01  7.40000000e-01  0.00000000e+00  7.40000000e-01  7.40000000e-01 -2.02206930e-07  4.04897542e-07 -2.02206930e-07 -4.83681909e-10 
 3.00000000e+01  7.50000000e-01  7.50000000e-01  0.00000000e+00  7.50000000e-01  7.50000000e-01 -2.11690298e-07  4.23957560e-07 -2.11690298e-07 -5.76963671e-10 
 3.00000000e+01  7.60000000e-01  7.60000000e-01  0.00000000e+00  7.60000000e-01  7.60000000e-01 -2.21500638e-07  4.43689343e-07 -2.21500638e-07 -6.88067355e-10 
 3.00000000e+01  7.70000000e-01  7.70000000e-01  0.00000000e+00  7.70000000e-01  7.70000000e-01 -2.31646518e-07  4.64113401e-07 -2.31646518e-07 -8.20363980e-10 
 3.00000000e+01  7.80000000e-01  7.80000000e-01  0.00000000e+00  7.80000000e-01  7.80000000e-01 -2.42136701e-07  4.85251256e-07 -2.42136701e-07 -9.77854242e-10 
 3.00000000e+01  7.90000000e-01  7.90000000e-01  0.00000000e+00  7.90000000e-01  7.90000000e-01 -2.52980143e-07  5.07125569e-07 -2.52980143e-07 -1.16528380e-09 
 3.00000000e+01  8.00000000e-01  8.00000000e-01  0.00000000e+00  8.00000000e-01  8.00000000e-01 -2.64186001e-07  5.29760280e-07 -2.64186001e-07 -1.38827923e-09 
 3.00000000e+01  8.10000000e-01  8.10000000e-01  0.00000000e+00  8.10000000e-01  8.10000000e-01 -2.75763636e-07  5.53180780e-07 -2.75763636e-07 -1.65350779e-09 
 3.00000000e+01  8.20000000e-01  8.20000000e-01  0.00000000e+00  8.20000000e-01  8.20000000e-01 -2.87722617e-07  5.77414099e-07 -2.87722617e-07 -1.96886496e-09 
 3.00000000e+01  8.30000000e-01  8.30000000e-01  0.00000000e+00  8.30000000e-01  8.30000000e-01 -3.00072725e-07  6.02489145e-07 -3.00072725e-07 -2.34369432e-09 
 3.00000000e+01  8.40000000e-01  8.40000000e-01  0.00000000e+00  8.40000000e-01  8.40000000e-01 -3.12823957e-07  6.28436960e-07 -3.12823957e-07 -2.78904485e-09 
 3.00000000e+01  8.50000000e-01  8.50000000e-01  0.00000000e+00  8.50000000e-01  8.50000000e-01 -3.25986531e-07  6.55291033e-07 -3.25986531e-07 -3.31797106e-09 
 3.00000000e+01  8.60000000e-01  8.60000000e-01  0.00000000e+00  8.60000000e-01  8.60000000e-01 -3.39570889e-07  6.83087661e-07 -3.39570889e-07 -3.94588264e-09 
 3.00000000e+01  8.70000000e-01  8.70000000e-01  0.00000000e+00  8.70000000e-01  8.70000000e-01 -3.53587704e-07  7.11866359e-07 -3.53587704e-07 -4.69095027e-09 
 3.00000000e+01  8.80000000e-01  8.80000000e-01  0.00000000e+00  8.80000000e-01  8.80000000e-01 -3.68047882e-07  7.41670340e-07 -3.68047882e-07 -5.57457554e-09 
 3.00000000e+01  8.90000000e-01  8.90000000e-01  0.00000000e+00  8.90000000e-01  8.90000000e-01 -3.82962568e-07  7.72547069e-07 -3.82962568e-07 -6.62193247e-09 
 3.00000000e+01  9.00000000e-01  9.00000000e-01  0.00000000e+00  9.00000000e-01  9.00000000e-01 -3.98343151e-07  8.04548892e-07 -3.98343151e-07 -7.86258985e-09 
 3.00000000e+01  9.10000000e-01  9.10000000e-01  0.00000000e+00  9.10000000e-01  9.10000000e-01 -4.14201267e-07  8.37733757e-07 -4.14201267e-07 -9.33122218e-09 
 3.00000000e+01  9.20000000e-01  9.20000000e-01  0.00000000e+00  9.20000000e-01  9.20000000e-01 -4.30548808e-07  8.72166034e-07 -4.30548808e-07 -1.10684183e-08 
 3.00000000e+01  9.30000000e-01  9.30000000e-01  0.00000000e+00  9.30000000e-01  9.30000000e-01 -4.47397921e-07  9.07917437e-07 -4.47397921e-07 -1.31215950e-08 
 3.00000000e+01  9.40000000e-01  9.40000000e-01  0.00000000e+00  9.40000000e-01  9.40000000e-01 -4.64761019e-07  9.45068060e-07 -4.64761019e-07 -1.55460220e-08 
 3.00000000e+01  9.50000000e-01  9.50000000e-01  0.00000000e+00  9.50000000e-01  9.50000000e-01 -4.82650782e-07  9.83707528e-07 -4.82650782e-07 -1.84059638e-08 
 3.00000000e+01  9.60000000e-01  9.60000000e-01  0.00000000e+00  9.60000000e-01  9.60000000e-01 -5.01080166e-07  1.02393627e-06 -5.01080166e-07 -2.17759379e-08 
 3.00000000e+01  9.70000000e-01  9.70000000e-01  0.00000000e+00  9.70000000e-01  9.70000000e-01 -5.20062404e-07  1.06586690e-06 -5.20062404e-07 -2.57420896e-08 
 3.00000000e+01  9.80000000e-01  9.80000000e-01  0.00000000e+00  9.80000000e-01  9.80000000e-01 -5.39611015e-07  1.10962570e-06 -5.39611015e-07 -3.04036726e-08 
 3.00000000e+01  9.90000000e-01  9.90000000e-01  0.00000000e+00  9.90000000e-01  9.90000000e-01 -5.59739809e-07  1.15535424e-06 -5.59739809e-07 -3.58746245e-08 
 3.00000000e+01  1.00000000e+00  1.00000000e+00  0.00000000e+00  1.00000000e+00  1.00000000e+00 -5.80462893e-07  1.20321100e-06 -5.80462893e-07 -4.22852122e-08 
 3.00000000e+01  1.01000000e+00  1.01000000e+00  0.00000000e+00  1.01000000e+00  1.01000000e+00 -6.01794673e-07  1.25337306e-06 -6.01794673e-07 -4.97837188e-08 
 3.00000000e+01  1.02000000e+00  1.02000000e+00  0.00000000e+00  1.02000000e+00  1.02000000e+00 -6.23749865e-07  1.30603786e-06 -6.23749865e-07 -5.85381312e-08 
 3.00000000e+01  1.03000000e+00  1.03000000e+00  0.00000000e+00  1.03000000e+00  1.03000000e+00 -6.46343499e-07  1.36142478e-06 -6.46343499e-07 -6.87377794e-08 
 3.00000000e+01  1.04000000e+00  1.04000000e+00  0.00000000e+00  1.04000000e+00  1.04000000e+00 -6.69590926e-07  1.41977672e-06 -6.69590926e-07 -8.05948706e-08 
 3.00000000e+01  1.05000000e+00  1.05000000e+00  0.00000000e+00  1.05000000e+00  1.05000000e+00 -6.93507820e-07  1.48136150e-06 -6.93507820e-07 -9.43458553e-08 
 3.00000000e+01  1.06000000e+00  1.06000000e+00  0.00000000e+00  1.06000000e+00  1.06000000e+00 -7.18110192e-07  1.54647294e-06 -7.18110192e-07 -1.10252559e-07 
 3.00000000e+01  1.07000000e+00  1.07000000e+00  0.00000000e+00  1.07000000e+00  1.07000000e+00 -7.43414387e-07  1.61543179e-06 -7.43414387e-07 -1.28603018e-07 
 3.00000000e+01  1.08000000e+00  1.08000000e+00  0.00000000e+00  1.08000000e+00  1.08000000e+00 -7.69437102e-07  1.68858617e-06 -7.69437102e-07 -1.49711964e-07 
 3.00000000e+01  1.09000000e+00  1.09000000e+00  0.00000000e+00  1.09000000e+00  1.09000000e+00 -7.96195380e-07  1.76631168e-06 -7.96195380e-07 -1.73920917e-07 
 3.00000000e+01  1.10000000e+00  1.10000000e+00  0.00000000e+00  1.10000000e+00  1.10000000e+00 -8.23706628e-07  1.84901113e-06 -8.23706628e-07 -2.01597872e-07 
 3.00000000e+01  1.11000000e+00  1.11000000e+00  0.00000000e+00  1.11000000e+00  1.11000000e+00 -8.51988618e-07  1.93711382e-06 -8.51988618e-07 -2.33136589e-07 
 3.00000000e+01  1.12000000e+00  1.12000000e+00  0.00000000e+00  1.12000000e+00  1.12000000e+00 -8.81059493e-07  2.03107451e-06 -8.81059493e-07 -2.68955520e-07 
 3.00000000e+01  1.13000000e+00  1.13000000e+00  0.00000000e+00  1.13000000e+00  1.13000000e+00 -9.10937780e-07  2.13137202e-06 -9.10937780e-07 -3.09496456e-07 
 3.00000000e+01  1.14000000e+00  1.14000000e+00  0.00000000e+00  1.14000000e+00  1.14000000e+00 -9.41642391e-07  2.23850776e-06 -9.41642391e-07 -3.55222981e-07 
 3.00000000e+01  1.15000000e+00  1.15000000e+00  0.00000000e+00  1.15000000e+00  1.15000000e+00 -9.73192636e-07  2.35300413e-06 -9.73192636e-07 -4.06618860e-07 
 3.00000000e+01  1.16000000e+00  1.16000000e+00  0.00000000e+00  1.16000000e+00  1.16000000e+00 -1.00560823e-06  2.47540294e-06 -1.00560823e-06 -4.64186491e-07 
 3.00000000e+01  1.17000000e+00  1.17000000e+00  0.00000000e+00  1.17000000e+00  1.17000000e+00 -1.03890928e-06  2.60626412e-06 -1.03890928e-06 -5.28445554e-07 
 3.00000000e+01  1.18000000e+00  1.18000000e+00  0.00000000e+00  1.18000000e+00  1.18000000e+00 -1.07311635e-06  2.74616467e-06 -1.07311635e-06 -5.99931965e-07 
 3.00000000e+01  1.19000000e+00  1.19000000e+00  0.00000000e+00  1.19000000e+00  1.19000000e+00 -1.10825039e-06  2.89569804e-06 -1.10825039e-06 -6.79197250e-07 
 3.00000000e+01  1.20000000e+00  1.20000000e+00  0.00000000e+00  1.20000000e+00  1.20000000e+00 -1.14433282e-06  3.05547403e-06 -1.14433282e-06 -7.66808393e-07 
