 3.00000000e+01  1.00000000e-02 -1.00000000e-02  0.00000000e+00  0.00000000e+00  0.00000000e+00  9.33254936e-09 -2.43376097e-11 -9.30820857e-09 -3.18039130e-15 
 3.00000000e+01  2.00000000e-02 -2.00000000e-02  0.00000000e+00  0.00000000e+00  0.00000000e+00  1.67619313e-08 -5.22126241e-11 -1.67097134e-08 -5.34974420e-15 
 3.00000000e+01  3.00000000e-02 -3.00000000e-02  0.00000000e+00  0.00000000e+00  0.00000000e+00  2.24457604e-08 -8.37560409e-11 -2.23619976e-08 -6.82954686e-15 
 3.00000000e+01  4.00000000e-02 -4.00000000e-02  0.00000000e+00  0.00000000e+00  0.00000000e+00  2.66541290e-08 -1.19102153e-10 -2.65350190e-08 -7.83924145e-15 
 3.00000000e+01  5.00000000e-02 -5.00000000e-02  0.00000000e+00  0.00000000e+00  0.00000000e+00  2.97413871e-08 -1.58388654e-10 -2.95829899e-08 -8.52846034e-15 
 3.00000000e+01  6.00000000e-02 -6.00000000e-02  0.00000000e+00  0.00000000e+00  0.00000000e+00  3.20654225e-08 -2.01756739e-10 -3.18636568e-08 -8.99921794e-15 
 3.00000000e+01  7.00000000e-02 -7.00000000e-02  0.00000000e+00  0.00000000e+00  0.00000000e+00  3.39127470e-08 -2.49351196e-10 -3.36633865e-08 -9.32105935e-15 
 3.00000000e+01  8.00000000e-02 -8.00000000e-02  0.00000000e+00  0.00000000e+00  0.00000000e+00  3.54769192e-08 -3.01320494e-10 -3.51755891e-08 -9.54139824e-15 
 3.00000000e+01  9.00000000e-02 -9.00000000e-02  0.00000000e+00  0.00000000e+00  0.00000000e+00  3.68767573e-08 -3.57816879e-10 -3.65189307e-08 -9.69256416e-15 
 3.00000000e+01  1.00000000e-01 -1.00000000e-01  0.00000000e+00  0.00000000e+00  0.00000000e+00  3.81827228e-08 -4.18996463e-10 -3.77637165e-08 -9.79660382e-15 
 3.00000000e+01  1.10000000e-01 -1.10000000e-01  0.00000000e+00  0.00000000e+00  0.00000000e+00  3.94368134e-08 -4.85019310e-10 -3.89517842e-08 -9.86855284e-15 
 3.00000000e+01  1.20000000e-01 -1.20000000e-01  0.00000000e+00  0.00000000e+00  0.00000000e+00  4.06647360e-08 -5.56049533e-10 -4.01086765e-08 -9.91866592e-15 
 3.00000000e+01  1.30000000e-01 -1.30000000e-01  0.00000000e+00  0.00000000e+00  0.00000000e+00  4.18828134e-08 -6.32255382e-10 -4.12505480e-08 -9.95393743e-15 
 3.00000000e+01  1.40000000e-01 -1.40000000e-01  0.00000000e+00  0.00000000e+00  0.00000000e+00  4.31018402e-08 -7.13809338e-10 -4.23880209e-08 -9.97913846e-15 
 3.00000000e+01  1.50000000e-01 -1.50000000e-01  0.00000000e+00  0.00000000e+00  0.00000000e+00  4.43292585e-08 -8.00888209e-10 -4.35283603e-08 -9.99752389e-15 
 3.00000000e+01  1.60000000e-01 -1.60000000e-01  0.00000000e+00  0.00000000e+00  0.00000000e+00  4.55704147e-08 -8.93673225e-10 -4.46767314e-08 -1.00113148e-14 
 3.00000000e+01  1.70000000e-01 -1.70000000e-01  0.00000000e+00  0.00000000e+00  0.00000000e+00  4.68293062e-08 -9.92350133e-10 -4.58369461e-08 -1.00220271e-14 
 3.00000000e+01  1.80000000e-01 -1.80000000e-01  0.00000000e+00  0.00000000e+00  0.00000000e+00  4.81090390e-08 -1.09710930e-09 -4.70119197e-08 -1.00306963e-14 
 3.00000000e+01  1.90000000e-01 -1.90000000e-01  0.00000000e+00  0.00000000e+00  0.00000000e+00  4.94121149e-08 -1.20814582e-09 -4.82039590e-08 -1.00380299e-14 
 3.00000000e+01  2.00000000e-01 -2.00000000e-01  0.00000000e+00  0.00000000e+00  0.00000000e+00  5.07406180e-08 -1.32565959e-09 -4.94149484e-08 -1.00445122e-14 
 3.00000000e+01  2.10000000e-01 -2.10000000e-01  0.00000000e+00  0.00000000e+00  0.00000000e+00  5.20963385e-08 -1.44985545e-09 -5.06464730e-08 -1.00504750e-14 
 3.00000000e+01  2.20000000e-01 -2.20000000e-01  0.00000000e+00  0.00000000e+00  0.00000000e+00  5.34808563e-08 -1.58094327e-09 -5.18999029e-08 -1.00561465e-14 
 3.00000000e+01  2.30000000e-01 -2.30000000e-01  0.00000000e+00  0.00000000e+00  0.00000000e+00  5.48955994e-08 -1.71913806e-09 -5.31764513e-08 -1.00616841e-14 
 3.00000000e+01  2.40000000e-01 -2.40000000e-01  0.00000000e+00  0.00000000e+00  0.00000000e+00  5.63418858e-08 -1.86466009e-09 -5.44772156e-08 -1.00671969e-14 
 3.00000000e+01  2.50000000e-01 -2.50000000e-01  0.00000000e+00  0.00000000e+00  0.00000000e+00  5.78209525e-08 -2.01773499e-09 -5.58032074e-08 -1.00727615e-14 
 3.00000000e+01  2.60000000e-01 -2.60000000e-01  0.00000000e+00  0.00000000e+00  0.00000000e+00  5.93339780e-08 -2.17859387e-09 -5.71553741e-08 -1.00784321e-14 
 3.00000000e+01  2.70000000e-01 -2.70000000e-01  0.00000000e+00  0.00000000e+00  0.00000000e+00  6.08820987e-08 -2.34747343e-09 -5.85346152e-08 -1.00842476e-14 
 3.00000000e+01  2.80000000e-01 -2.80000000e-01  0.00000000e+00  0.00000000e+00  0.00000000e+00  6.24664209e-08 -2.52461610e-09 -5.99417947e-08 -1.00902370e-14 
 3.00000000e+01  2.90000000e-01 -2.90000000e-01  0.00000000e+00  0.00000000e+00  0.00000000e+00  6.40880308e-08 -2.71027015e-09 -6.13777506e-08 -1.00964221e-14 
 3.00000000e+01  3.00000000e-01 -3.00000000e-01  0.00000000e+00  0.00000000e+00  0.00000000e+00  6.57480018e-08 -2.90468981e-09 -6.28433019e-08 -1.01028201e-14 
 3.00000000e+01  3.10000000e-01 -3.10000000e-01  0.00000000e+00  0.00000000e+00  0.00000000e+00  6.74474003e-08 -3.10813540e-09 -6.43392548e-08 -1.01094451e-14 
 3.00000000e+01  3.20000000e-01 -3.20000000e-01  0.00000000e+00  0.00000000e+00  0.00000000e+00  6.91872906e-08 -3.32087344e-09 -6.58664071e-08 -1.01163091e-14 
 3.00000000e+01  3.30000000e-01 -3.30000000e-01  0.00000000e+00  0.00000000e+00  0.00000000e+00  7.09687387e-08 -3.54317684e-09 -6.74255517e-08 -1.01234229e-14 
 3.00000000e+01  3.40000000e-01 -3.40000000e-01  0.00000000e+00  0.00000000e+00  0.00000000e+00  7.27928153e-08 -3.77532496e-09 -6.90174802e-08 -1.01307963e-14 
 3.00000000e+01  3.50000000e-01 -3.50000000e-01  0.00000000e+00  0.00000000e+00  0.00000000e+00  7.46605987e-08 -4.01760380e-09 -7.06429848e-08 -1.01384388e-14 
 3.00000000e+01  3.60000000e-01 -3.60000000e-01  0.00000000e+00  0.00000000e+00  0.00000000e+00  7.65731769e-08 -4.27030611e-09 -7.23028607e-08 -1.01463593e-14 
 3.00000000e+01  3.70000000e-01 -3.70000000e-01  0.00000000e+00  0.00000000e+00  0.00000000e+00  7.85316495e-08 -4.53373155e-09 -7.39979077e-08 -1.01545670e-14 
 3.00000000e+01  3.80000000e-01 -3.80000000e-01  0.00000000e+00  0.00000000e+00  0.00000000e+00  8.05371291e-08 -4.80818682e-09 -7.57289321e-08 -1.01630708e-14 
 3.00000000e+01  3.90000000e-01 -3.90000000e-01  0.00000000e+00  0.00000000e+00  0.00000000e+00  8.25907433e-08 -5.09398583e-09 -7.74967473e-08 -1.01718797e-14 
 3.00000000e+01  4.00000000e-01 -4.00000000e-01  0.00000000e+00  0.00000000e+00  0.00000000e+00  8.46936353e-08 -5.39144981e-09 -7.93021753e-08 -1.01810031e-14 
 3.00000000e+01  4.10000000e-01 -4.10000000e-01  0.00000000e+00  0.00000000e+00  0.00000000e+00  8.68469656e-08 -5.70090751e-09 -8.11460479e-08 -1.01904501e-14 
 3.00000000e+01  4.20000000e-01 -4.20000000e-01  0.00000000e+00  0.00000000e+00  0.00000000e+00  8.90519127e-08 -6.02269532e-09 -8.30292072e-08 -1.02002305e-14 
 3.00000000e+01  4.30000000e-01 -4.30000000e-01  0.00000000e+00  0.00000000e+00  0.00000000e+00  9.13096741e-08 -6.35715747e-09 -8.49525064e-08 -1.02103538e-14 
 3.00000000e+01  4.40000000e-01 -4.40000000e-01  0.00000000e+00  0.00000000e+00  0.00000000e+00  9.36214671e-08 -6.70464614e-09 -8.69168107e-08 -1.02208303e-14 
 3.00000000e+01  4.50000000e-01 -4.50000000e-01  0.00000000e+00  0.00000000e+00  0.00000000e+00  9.59885299e-08 -7.06552166e-09 -8.89229980e-08 -1.02316701e-14 
 3.00000000e+01  4.60000000e-01 -4.60000000e-01  0.00000000e+00  0.00000000e+00  0.00000000e+00  9.84121219e-08 -7.44015268e-09 -9.09719590e-08 -1.02428836e-14 
 3.00000000e+01  4.70000000e-01 -4.70000000e-01  0.00000000e+00  0.00000000e+00  0.00000000e+00  1.00893525e-07 -7.82891632e-09 -9.30645985e-08 -1.02544818e-14 
 3.00000000e+01  4.80000000e-01 -4.80000000e-01  0.00000000e+00  0.00000000e+00  0.00000000e+00  1.03434044e-07 -8.23219837e-09 -9.52018353e-08 -1.02664755e-14 
 3.00000000e+01  4.90000000e-01 -4.90000000e-01  0.00000000e+00  0.00000000e+00  0.00000000e+00  1.06035007e-07 -8.65039345e-09 -9.73846029e-08 -1.02788761e-14 
 3.00000000e+01  5.00000000e-01 -5.00000000e-01  0.00000000e+00  0.00000000e+00  0.00000000e+00  1.08697765e-07 -9.08390520e-09 -9.96138499e-08 -1.02916953e-14 
 3.00000000e+01  5.10000000e-01 -5.10000000e-01  0.00000000e+00  0.00000000e+00  0.00000000e+00  1.11423698e-07 -9.53314647e-09 -1.01890541e-07 -1.03049448e-14 
 3.00000000e+01  5.20000000e-01 -5.20000000e-01  0.00000000e+00  0.00000000e+00  0.00000000e+00  1.14214206e-07 -9.99853950e-09 -1.04215656e-07 -1.03186369e-14 
 3.00000000e+01  5.30000000e-01 -5.30000000e-01  0.00000000e+00  0.00000000e+00  0.00000000e+00  1.17070718e-07 -1.04805161e-08 -1.06590192e-07 -1.03327840e-14 
 3.00000000e+01  5.40000000e-01 -5.40000000e-01  0.00000000e+00  0.00000000e+00  0.00000000e+00  1.19994691e-07 -1.09795179e-08 -1.09015162e-07 -1.03473990e-14 
 3.00000000e+01  5.50000000e-01 -5.50000000e-01  0.00000000e+00  0.00000000e+00  0.00000000e+00  1.22987605e-07 -1.14959965e-08 -1.11491598e-07 -1.03624949e-14 
 3.00000000e+01  5.60000000e-01 -5.60000000e-01  0.00000000e+00  0.00000000e+00  0.00000000e+00  1.26050972e-07 -1.20304137e-08 -1.14020548e-07 -1.03780853e-14 
 3.00000000e+01  5.70000000e-01 -5.70000000e-01  0.00000000e+00  0.00000000e+00  0.00000000e+00  1.29186331e-07 -1.25832417e-08 -1.16603079e-07 -1.03941838e-14 
 3.00000000e+01  5.80000000e-01 -5.80000000e-01  0.00000000e+00  0.00000000e+00  0.00000000e+00  1.32395248e-07 -1.31549632e-08 -1.19240274e-07 -1.04108047e-14 
 3.00000000e+01  5.90000000e-01 -5.90000000e-01  0.00000000e+00  0.00000000e+00  0.00000000e+00  1.35679321e-07 -1.37460718e-08 -1.21933239e-07 -1.04279623e-14 
 3.00000000e+01  6.00000000e-01 -6.00000000e-01  0.00000000e+00  0.00000000e+00  0.00000000e+00  1.39040178e-07 -1.43570723e-08 -1.24683095e-07 -1.04456714e-14 
 3.00000000e+01  6.10000000e-01 -6.10000000e-01  0.00000000e+00  0.00000000e+00  0.00000000e+00  1.42479475e-07 -1.49884804e-08 -1.27490985e-07 -1.04639474e-14 
 3.00000000e+01  6.20000000e-01 -6.20000000e-01  0.00000000e+00  0.00000000e+00  0.00000000e+00  1.45998904e-07 -1.56408238e-08 -1.30358070e-07 -1.04828056e-14 
 3.00000000e+01  6.30000000e-01 -6.30000000e-01  0.00000000e+00  0.00000000e+00  0.00000000e+00  1.49600185e-07 -1.63146414e-08 -1.33285533e-07 -1.05022620e-14 
 3.00000000e+01  6.40000000e-01 -6.40000000e-01  0.00000000e+00  0.00000000e+00  0.00000000e+00  1.53285072e-07 -1.70104844e-08 -1.36274577e-07 -1.05223329e-14 
 3.00000000e+01  6.50000000e-01 -6.50000000e-01  0.00000000e+00  0.00000000e+00  0.00000000e+00  1.57055351e-07 -1.77289162e-08 -1.39326424e-07 -1.05430350e-14 
 3.00000000e+01  6.60000000e-01 -6.60000000e-01  0.00000000e+00  0.00000000e+00  0.00000000e+00  1.60912844e-07 -1.84705125e-08 -1.42442321e-07 -1.05643854e-14 
 3.00000000e+01  6.70000000e-01 -6.70000000e-01  0.00000000e+00  0.00000000e+00  0.00000000e+00  1.64859406e-07 -1.92358618e-08 -1.45623534e-07 -1.05864016e-14 
 3.00000000e+01  6.80000000e-01 -6.80000000e-01  0.00000000e+00  0.00000000e+00  0.00000000e+00  1.68896927e-07 -2.00255656e-08 -1.48871350e-07 -1.06091015e-14 
 3.00000000e+01  6.90000000e-01 -6.90000000e-01  0.00000000e+00  0.00000000e+00  0.00000000e+00  1.73027332e-07 -2.08402385e-08 -1.52187082e-07 -1.06325035e-14 
 3.00000000e+01  7.00000000e-01 -7.00000000e-01  0.00000000e+00  0.00000000e+00  0.00000000e+00  1.77252583e-07 -2.16805087e-08 -1.55572063e-07 -1.06566263e-14 
 3.00000000e+01  7.10000000e-01 -7.10000000e-01  0.00000000e+00  0.00000000e+00  0.00000000e+00  1.81574679e-07 -2.25470181e-08 -1.59027651e-07 -1.06814892e-14 
 3.00000000e+01  7.20000000e-01 -7.20000000e-01  0.00000000e+00  0.00000000e+00  0.00000000e+00  1.85995658e-07 -2.34404227e-08 -1.62555224e-07 -1.07071119e-14 
 3.00000000e+01  7.30000000e-01 -7.30000000e-01  0.00000000e+00  0.00000000e+00  0.00000000e+00  1.90517593e-07 -2.43613927e-08 -1.66156190e-07 -1.07335144e-14 
 3.00000000e+01  7.40000000e-01 -7.40000000e-01  0.00000000e+00  0.00000000e+00  0.00000000e+00  1.95142599e-07 -2.53106131e-08 -1.69831975e-07 -1.07607174e-14 
 3.00000000e+01  7.50000000e-01 -7.50000000e-01  0.00000000e+00  0.00000000e+00  0.00000000e+00  1.99872829e-07 -2.62887835e-08 -1.73584035e-07 -1.07887420e-14 
 3.00000000e+01  7.60000000e-01 -7.60000000e-01  0.00000000e+00  0.00000000e+00  0.00000000e+00  2.04710478e-07 -2.72966190e-08 -1.77413848e-07 -1.08176097e-14 
 3.00000000e+01  7.70000000e-01 -7.70000000e-01  0.00000000e+00  0.00000000e+00  0.00000000e+00  2.09657781e-07 -2.83348500e-08 -1.81322920e-07 -1.08473426e-14 
 3.00000000e+01  7.80000000e-01 -7.80000000e-01  0.00000000e+00  0.00000000e+00  0.00000000e+00  2.14717015e-07 -2.94042227e-08 -1.85312781e-07 -1.08779633e-14 
 3.00000000e+01  7.90000000e-01 -7.90000000e-01  0.00000000e+00  0.00000000e+00  0.00000000e+00  2.19890500e-07 -3.05054996e-08 -1.89384990e-07 -1.09094949e-14 
 3.00000000e+01  8.00000000e-01 -8.00000000e-01  0.00000000e+00  0.00000000e+00  0.00000000e+00  2.25180601e-07 -3.16394594e-08 -1.93541131e-07 -1.09419611e-14 
 3.00000000e+01  8.10000000e-01 -8.10000000e-01  0.00000000e+00  0.00000000e+00  0.00000000e+00  2.30589726e-07 -3.28068978e-08 -1.97782817e-07 -1.09753860e-14 
 3.00000000e+01  8.20000000e-01 -8.20000000e-01  0.00000000e+00  0.00000000e+00  0.00000000e+00  2.36120328e-07 -3.40086273e-08 -2.02111690e-07 -1.10097943e-14 
 3.00000000e+01  8.30000000e-01 -8.30000000e-01  0.00000000e+00  0.00000000e+00  0.00000000e+00  2.41774909e-07 -3.52454780e-08 -2.06529420e-07 -1.10452113e-14 
 3.00000000e+01  8.40000000e-01 -8.40000000e-01  0.00000000e+00  0.00000000e+00  0.00000000e+00  2.47556014e-07 -3.65182980e-08 -2.11037705e-07 -1.10816629e-14 
 3.00000000e+01  8.50000000e-01 -8.50000000e-01  0.00000000e+00  0.00000000e+00  0.00000000e+00  2.53466239e-07 -3.78279530e-08 -2.15638275e-07 -1.11191755e-14 
 3.00000000e+01  8.60000000e-01 -8.60000000e-01  0.00000000e+00  0.00000000e+00  0.00000000e+00  2.59508230e-07 -3.91753278e-08 -2.20332891e-07 -1.11577761e-14 
 3.00000000e+01  8.70000000e-01 -8.70000000e-01  0.00000000e+00  0.00000000e+00  0.00000000e+00  2.65684681e-07 -4.05613255e-08 -2.25123344e-07 -1.11974924e-14 
 3.00000000e+01  8.80000000e-01 -8.80000000e-01  0.00000000e+00  0.00000000e+00  0.00000000e+00  2.71998338e-07 -4.19868688e-08 -2.30011458e-07 -1.12383527e-14 
 3.00000000e+01  8.90000000e-01 -8.90000000e-01  0.00000000e+00  0.00000000e+00  0.00000000e+00  2.78452001e-07 -4.34528998e-08 -2.34999090e-07 -1.12803858e-14 
 3.00000000e+01  9.00000000e-01 -9.00000000e-01  0.00000000e+00  0.00000000e+00  0.00000000e+00  2.85048521e-07 -4.49603807e-08 -2.40088129e-07 -1.13236213e-14 
 3.00000000e+01  9.10000000e-01 -9.10000000e-01  0.00000000e+00  0.00000000e+00  0.00000000e+00  2.91790806e-07 -4.65102940e-08 -2.45280500e-07 -1.13680893e-14 
 3.00000000e+01  9.20000000e-01 -9.20000000e-01  0.00000000e+00  0.00000000e+00  0.00000000e+00  2.98681819e-07 -4.81036431e-08 -2.50578164e-07 -1.14138207e-14 
 3.00000000e+01  9.30000000e-01 -9.30000000e-01  0.00000000e+00  0.00000000e+00  0.00000000e+00  3.05724581e-07 -4.97414523e-08 -2.55983117e-07 -1.14608474e-14 
 3.00000000e+01  9.40000000e-01 -9.40000000e-01  0.00000000e+00  0.00000000e+00  0.00000000e+00  3.12922173e-07 -5.14247678e-08 -2.61497393e-07 -1.21887761e-14 
 3.00000000e+01  9.50000000e-01 -9.50000000e-01  0.00000000e+00  0.00000000e+00  0.00000000e+00  3.20277734e-07 -5.31546577e-08 -2.67123062e-07 -1.32801279e-14 
 3.00000000e+01  9.60000000e-01 -9.60000000e-01  0.00000000e+00  0.00000000e+00  0.00000000e+00  3.27794466e-07 -5.49322126e-08 -2.72862238e-07 -1.48765606e-14 
 3.00000000e+01  9.70000000e-01 -9.70000000e-01  0.00000000e+00  0.00000000e+00  0.00000000e+00  3.35475635e-07 -5.67585459e-08 -2.78717071e-07 -1.72050706e-14 
 3.00000000e+01  9.80000000e-01 -9.80000000e-01  0.00000000e+00  0.00000000e+00  0.00000000e+00  3.43324571e-07 -5.86347944e-08 -2.84689756e-07 -2.06457878e-14 
 3.00000000e+01  9.90000000e-01 -9.90000000e-01  0.00000000e+00  0.00000000e+00  0.00000000e+00  3.51344672e-07 -6.05621187e-08 -2.90782527e-07 -2.60317512e-14 
 3.00000000e+01  1.00000000e+00 -1.00000000e+00  0.00000000e+00  0.00000000e+00  0.00000000e+00  3.59539406e-07 -6.25417036e-08 -2.96997667e-07 -3.57235791e-14 
 3.00000000e+01  1.01000000e+00 -1.01000000e+00  0.00000000e+00  0.00000000e+00  0.00000000e+00  3.67912317e-07 -6.45747587e-08 -3.03337501e-07 -5.70367069e-14 
 3.00000000e+01  1.02000000e+00 -1.02000000e+00  0.00000000e+00  0.00000000e+00  0.00000000e+00  3.76467034e-07 -6.66625186e-08 -3.09804403e-07 -1.11886169e-13 
 3.00000000e+01  1.03000000e+00 -1.03000000e+00  0.00000000e+00  0.00000000e+00  0.00000000e+00  3.85207301e-07 -6.88062439e-08 -3.16400796e-07 -2.60977443e-13 
 3.00000000e+01  1.04000000e+00 -1.04000000e+00  0.00000000e+00  0.00000000e+00  0.00000000e+00  3.94137030e-07 -7.10072212e-08 -3.23129151e-07 -6.58592090e-13 
 3.00000000e+01  1.05000000e+00 -1.05000000e+00  0.00000000e+00  0.00000000e+00  0.00000000e+00  4.03260423e-07 -7.32667639e-08 -3.29991993e-07 -1.66600988e-12 
 3.00000000e+01  1.06000000e+00 -1.06000000e+00  0.00000000e+00  0.00000000e+00  0.00000000e+00  4.12582182e-07 -7.55862124e-08 -3.36991901e-07 -4.06851549e-12 
 3.00000000e+01  1.07000000e+00 -1.07000000e+00  0.00000000e+00  0.00000000e+00  0.00000000e+00  4.22107907e-07 -7.79669351e-08 -3.44131509e-07 -9.46272724e-12 
 3.00000000e+01  1.08000000e+00 -1.08000000e+00  0.00000000e+00  0.00000000e+00  0.00000000e+00  4.31844745e-07 -8.04103285e-08 -3.51413510e-07 -2.09067710e-11 
 3.00000000e+01  1.09000000e+00 -1.09000000e+00  0.00000000e+00  0.00000000e+00  0.00000000e+00  4.41802426e-07 -8.29178180e-08 -3.58840654e-07 -4.39538521e-11 
 3.00000000e+01  1.10000000e+00 -1.10000000e+00  0.00000000e+00  0.00000000e+00  0.00000000e+00  4.51994833e-07 -8.54908584e-08 -3.66415757e-07 -8.82176064e-11 
 3.00000000e+01  1.11000000e+00 -1.11000000e+00  0.00000000e+00  0.00000000e+00  0.00000000e+00  4.62442273e-07 -8.81309344e-08 -3.74141696e-07 -1.69642420e-10 
 3.00000000e+01  1.12000000e+00 -1.12000000e+00  0.00000000e+00  0.00000000e+00  0.00000000e+00  4.73174651e-07 -9.08395612e-08 -3.82021419e-07 -3.13670873e-10 
 3.00000000e+01  1.13000000e+00 -1.13000000e+00  0.00000000e+00  0.00000000e+00  0.00000000e+00  4.84235735e-07 -9.36182851e-08 -3.90057939e-07 -5.59511180e-10 
 3.00000000e+01  1.14000000e+00 -1.14000000e+00  0.00000000e+00  0.00000000e+00  0.00000000e+00  4.95688737e-07 -9.64686842e-08 -3.98254345e-07 -9.65708163e-10 
 3.00000000e+01  1.15000000e+00 -1.15000000e+00  0.00000000e+00  0.00000000e+00  0.00000000e+00  5.07623380e-07 -9.93923687e-08 -4.06613800e-07 -1.61721109e-09 
 3.00000000e+01  1.16000000e+00 -1.16000000e+00  0.00000000e+00  0.00000000e+00  0.00000000e+00  5.20164640e-07 -1.02390982e-07 -4.15139547e-07 -2.63411056e-09 
 3.00000000e+01  1.17000000e+00 -1.17000000e+00  0.00000000e+00  0.00000000e+00  0.00000000e+00  5.33483297e-07 -1.05466201e-07 -4.23834911e-07 -4.18218554e-09 
 3.00000000e+01  1.18000000e+00 -1.18000000e+00  0.00000000e+00  0.00000000e+00  0.00000000e+00  5.47808400e-07 -1.08619736e-07 -4.32703302e-07 -6.48536199e-09 
 3.00000000e+01  1.19000000e+00 -1.19000000e+00  0.00000000e+00  0.00000000e+00  0.00000000e+00  5.63441692e-07 -1.11853334e-07 -4.41748220e-07 -9.84013870e-09 
 3.00000000e+01  1.20000000e+00 -1.20000000e+00  0.00000000e+00  0.00000000e+00  0.00000000e+00  5.80774021e-07 -1.15168776e-07 -4.50973259e-07 -1.46319861e-08 
