 3.00000000e+01  1.00000000e-02 -1.00000000e-02  0.00000000e+00  0.00000000e+00  0.00000000e+00  7.53202540e-08 -1.96421638e-10 -7.51238292e-08 -3.17914537e-15 
 3.00000000e+01  2.00000000e-02 -2.00000000e-02  0.00000000e+00  0.00000000e+00  0.00000000e+00  1.35280617e-07 -4.21392608e-10 -1.34859219e-07 -5.35122998e-15 
 3.00000000e+01  3.00000000e-02 -3.00000000e-02  0.00000000e+00  0.00000000e+00  0.00000000e+00  1.81153146e-07 -6.75970151e-10 -1.80477169e-07 -6.83591529e-15 
 3.00000000e+01  4.00000000e-02 -4.00000000e-02  0.00000000e+00  0.00000000e+00  0.00000000e+00  2.15117674e-07 -9.61238097e-10 -2.14156428e-07 -7.85285086e-15 
 3.00000000e+01  5.00000000e-02 -5.00000000e-02  0.00000000e+00  0.00000000e+00  0.00000000e+00  2.40034054e-07 -1.27830774e-09 -2.38755738e-07 -8.55170602e-15 
 3.00000000e+01  6.00000000e-02 -6.00000000e-02  0.00000000e+00  0.00000000e+00  0.00000000e+00  2.58790695e-07 -1.62831860e-09 -2.57162367e-07 -9.03433406e-15 
 3.00000000e+01  7.00000000e-02 -7.00000000e-02  0.00000000e+00  0.00000000e+00  0.00000000e+00  2.73699946e-07 -2.01243922e-09 -2.71687497e-07 -9.37000804e-15 
 3.00000000e+01  8.00000000e-02 -8.00000000e-02  0.00000000e+00  0.00000000e+00  0.00000000e+00  2.86323963e-07 -2.43186786e-09 -2.83892085e-07 -9.60587024e-15 
 3.00000000e+01  9.00000000e-02 -9.00000000e-02  0.00000000e+00  0.00000000e+00  0.00000000e+00  2.97621693e-07 -2.88783323e-09 -2.94733850e-07 -9.77403754e-15 
 3.00000000e+01  1.00000000e-01 -1.00000000e-01  0.00000000e+00  0.00000000e+00  0.00000000e+00  3.08161811e-07 -3.38159525e-09 -3.04780206e-07 -9.89641037e-15 
 3.00000000e+01  1.10000000e-01 -1.10000000e-01  0.00000000e+00  0.00000000e+00  0.00000000e+00  3.18283269e-07 -3.91444576e-09 -3.14368813e-07 -9.98793168e-15 
 3.00000000e+01  1.20000000e-01 -1.20000000e-01  0.00000000e+00  0.00000000e+00  0.00000000e+00  3.28193538e-07 -4.48770924e-09 -3.23705819e-07 -1.00588018e-14 
 3.00000000e+01  1.30000000e-01 -1.30000000e-01  0.00000000e+00  0.00000000e+00  0.00000000e+00  3.38024357e-07 -5.10274360e-09 -3.32921603e-07 -1.01159870e-14 
 3.00000000e+01  1.40000000e-01 -1.40000000e-01  0.00000000e+00  0.00000000e+00  0.00000000e+00  3.47862846e-07 -5.76094086e-09 -3.42101895e-07 -1.01642484e-14 
 3.00000000e+01  1.50000000e-01 -1.50000000e-01  0.00000000e+00  0.00000000e+00  0.00000000e+00  3.57769069e-07 -6.46372798e-09 -3.51305331e-07 -1.02068433e-14 
 3.00000000e+01  1.60000000e-01 -1.60000000e-01  0.00000000e+00  0.00000000e+00  0.00000000e+00  3.67786175e-07 -7.21256759e-09 -3.60573597e-07 -1.02460041e-14 
 3.00000000e+01  1.70000000e-01 -1.70000000e-01  0.00000000e+00  0.00000000e+00  0.00000000e+00  3.77946427e-07 -8.00895880e-09 -3.69937458e-07 -1.02832645e-14 
 3.00000000e+01  1.80000000e-01 -1.80000000e-01  0.00000000e+00  0.00000000e+00  0.00000000e+00  3.88274893e-07 -8.85443801e-09 -3.79420445e-07 -1.03196828e-14 
 3.00000000e+01  1.90000000e-01 -1.90000000e-01  0.00000000e+00  0.00000000e+00  0.00000000e+00  3.98791766e-07 -9.75057968e-09 -3.89041176e-07 -1.03559930e-14 
 3.00000000e+01  2.00000000e-01 -2.00000000e-01  0.00000000e+00  0.00000000e+00  0.00000000e+00  4.09513866e-07 -1.06989972e-08 -3.98814858e-07 -1.03927091e-14 
 3.00000000e+01  2.10000000e-01 -2.10000000e-01  0.00000000e+00  0.00000000e+00  0.00000000e+00  4.20455641e-07 -1.17013437e-08 -4.08754287e-07 -1.04301954e-14 
 3.00000000e+01  2.20000000e-01 -2.20000000e-01  0.00000000e+00  0.00000000e+00  0.00000000e+00  4.31629844e-07 -1.27593130e-08 -4.18870521e-07 -1.04687145e-14 
 3.00000000e+01  2.30000000e-01 -2.30000000e-01  0.00000000e+00  0.00000000e+00  0.00000000e+00  4.43048002e-07 -1.38746404e-08 -4.29173351e-07 -1.05084605e-14 
 3.00000000e+01  2.40000000e-01 -2.40000000e-01  0.00000000e+00  0.00000000e+00  0.00000000e+00  4.54720750e-07 -1.50491035e-08 -4.39671636e-07 -1.05495810e-14 
 3.00000000e+01  2.50000000e-01 -2.50000000e-01  0.00000000e+00  0.00000000e+00  0.00000000e+00  4.66658076e-07 -1.62845233e-08 -4.50373542e-07 -1.05921928e-14 
 3.00000000e+01  2.60000000e-01 -2.60000000e-01  0.00000000e+00  0.00000000e+00  0.00000000e+00  4.78869490e-07 -1.75827650e-08 -4.61286714e-07 -1.06363919e-14 
 3.00000000e+01  2.70000000e-01 -2.70000000e-01  0.00000000e+00  0.00000000e+00  0.00000000e+00  4.91364165e-07 -1.89457390e-08 -4.72418415e-07 -1.06822606e-14 
 3.00000000e+01  2.80000000e-01 -2.80000000e-01  0.00000000e+00  0.00000000e+00  0.00000000e+00  5.04151032e-07 -2.03754018e-08 -4.83775619e-07 -1.07298727e-14 
 3.00000000e+01  2.90000000e-01 -2.90000000e-01  0.00000000e+00  0.00000000e+00  0.00000000e+00  5.17238857e-07 -2.18737571e-08 -4.95365090e-07 -1.07792964e-14 
 3.00000000e+01  3.00000000e-01 -3.00000000e-01  0.00000000e+00  0.00000000e+00  0.00000000e+00  5.30636306e-07 -2.34428567e-08 -5.07193438e-07 -1.08305968e-14 
 3.00000000e+01  3.10000000e-01 -3.10000000e-01  0.00000000e+00  0.00000000e+00  0.00000000e+00  5.44351986e-07 -2.50848013e-08 -5.19267174e-07 -1.08838375e-14 
 3.00000000e+01  3.20000000e-01 -3.20000000e-01  0.00000000e+00  0.00000000e+00  0.00000000e+00  5.58394488e-07 -2.68017423e-08 -5.31592735e-07 -1.09390813e-14 
 3.00000000e+01  3.30000000e-01 -3.30000000e-01  0.00000000e+00  0.00000000e+00  0.00000000e+00  5.72772417e-07 -2.85958819e-08 -5.44176524e-07 -1.09963914e-14 
 3.00000000e+01  3.40000000e-01 -3.40000000e-01  0.00000000e+00  0.00000000e+00  0.00000000e+00  5.87494416e-07 -3.04694749e-08 -5.57024931e-07 -1.10558315e-14 
 3.00000000e+01  3.50000000e-01 -3.50000000e-01  0.00000000e+00  0.00000000e+00  0.00000000e+00  6.02569191e-07 -3.24248293e-08 -5.70144350e-07 -1.11174663e-14 
 3.00000000e+01  3.60000000e-01 -3.60000000e-01  0.00000000e+00  0.00000000e+00  0.00000000e+00  6.18005522e-07 -3.44643079e-08 -5.83541203e-07 -1.11813620e-14 
 3.00000000e+01  3.70000000e-01 -3.70000000e-01  0.00000000e+00  0.00000000e+00  0.00000000e+00  6.33812287e-07 -3.65903290e-08 -5.97221946e-07 -1.12475861e-14 
 3.00000000e+01  3.80000000e-01 -3.80000000e-01  0.00000000e+00  0.00000000e+00  0.00000000e+00  6.49998467e-07 -3.88053680e-08 -6.11193088e-07 -1.13162078e-14 
 3.00000000e+01  3.90000000e-01 -3.90000000e-01  0.00000000e+00  0.00000000e+00  0.00000000e+00  6.66573165e-07 -4.11119581e-08 -6.25461195e-07 -1.13872978e-14 
 3.00000000e+01  4.00000000e-01 -4.00000000e-01  0.00000000e+00  0.00000000e+00  0.00000000e+00  6.83545610e-07 -4.35126920e-08 -6.40032906e-07 -1.14609288e-14 
 3.00000000e+01  4.10000000e-01 -4.10000000e-01  0.00000000e+00  0.00000000e+00  0.00000000e+00  7.00925169e-07 -4.60102228e-08 -6.54914935e-07 -1.15371753e-14 
 3.00000000e+01  4.20000000e-01 -4.20000000e-01  0.00000000e+00  0.00000000e+00  0.00000000e+00  7.18721357e-07 -4.86072654e-08 -6.70114080e-07 -1.16161137e-14 
 3.00000000e+01  4.30000000e-01 -4.30000000e-01  0.00000000e+00  0.00000000e+00  0.00000000e+00  7.36943840e-07 -5.13065979e-08 -6.85637230e-07 -1.16978223e-14 
 3.00000000e+01  4.40000000e-01 -4.40000000e-01  0.00000000e+00  0.00000000e+00  0.00000000e+00  7.55602447e-07 -5.41110624e-08 -7.01491373e-07 -1.17823816e-14 
 3.00000000e+01  4.50000000e-01 -4.50000000e-01  0.00000000e+00  0.00000000e+00  0.00000000e+00  7.74707172e-07 -5.70235672e-08 -7.17683593e-07 -1.18698740e-14 
 3.00000000e+01  4.60000000e-01 -4.60000000e-01  0.00000000e+00  0.00000000e+00  0.00000000e+00  7.94268185e-07 -6.00470874e-08 -7.34221086e-07 -1.19603842e-14 
 3.00000000e+01  4.70000000e-01 -4.70000000e-01  0.00000000e+00  0.00000000e+00  0.00000000e+00  8.14295833e-07 -6.31846664e-08 -7.51111155e-07 -1.20539989e-14 
 3.00000000e+01  4.80000000e-01 -4.80000000e-01  0.00000000e+00  0.00000000e+00  0.00000000e+00  8.34800648e-07 -6.64394179e-08 -7.68361218e-07 -1.21508070e-14 
 3.00000000e+01  4.90000000e-01 -4.90000000e-01  0.00000000e+00  0.00000000e+00  0.00000000e+00  8.55793354e-07 -6.98145266e-08 -7.85978815e-07 -1.22508999e-14 
 3.00000000e+01  5.00000000e-01 -5.00000000e-01  0.00000000e+00  0.00000000e+00  0.00000000e+00  8.77284867e-07 -7.33132500e-08 -8.03971605e-07 -1.23543711e-14 
 3.00000000e+01  5.10000000e-01 -5.10000000e-01  0.00000000e+00  0.00000000e+00  0.00000000e+00  8.99286308e-07 -7.69389201e-08 -8.22347375e-07 -1.24613165e-14 
 3.00000000e+01  5.20000000e-01 -5.20000000e-01  0.00000000e+00  0.00000000e+00  0.00000000e+00  9.21808998e-07 -8.06949445e-08 -8.41114041e-07 -1.25718344e-14 
 3.00000000e+01  5.30000000e-01 -5.30000000e-01  0.00000000e+00  0.00000000e+00  0.00000000e+00  9.44864474e-07 -8.45848082e-08 -8.60279653e-07 -1.26860257e-14 
 3.00000000e+01  5.40000000e-01 -5.40000000e-01  0.00000000e+00  0.00000000e+00  0.00000000e+00  9.68464483e-07 -8.86120752e-08 -8.79852395e-07 -1.28039937e-14 
 3.00000000e+01  5.50000000e-01 -5.50000000e-01  0.00000000e+00  0.00000000e+00  0.00000000e+00  9.92620995e-07 -9.27803902e-08 -8.99840592e-07 -1.29258443e-14 
 3.00000000e+01  5.60000000e-01 -5.60000000e-01  0.00000000e+00  0.00000000e+00  0.00000000e+00  1.01734620e-06 -9.70934798e-08 -9.20252712e-07 -1.30516859e-14 
 3.00000000e+01  5.70000000e-01 -5.70000000e-01  0.00000000e+00  0.00000000e+00  0.00000000e+00  1.04265253e-06 -1.01555155e-07 -9.41097367e-07 -1.31816300e-14 
 3.00000000e+01  5.80000000e-01 -5.80000000e-01  0.00000000e+00  0.00000000e+00  0.00000000e+00  1.06855264e-06 -1.06169311e-07 -9.62383317e-07 -1.33157902e-14 
 3.00000000e+01  5.90000000e-01 -5.90000000e-01  0.00000000e+00  0.00000000e+00  0.00000000e+00  1.09505942e-06 -1.10939933e-07 -9.84119476e-07 -1.34542835e-14 
 3.00000000e+01  6.00000000e-01 -6.00000000e-01  0.00000000e+00  0.00000000e+00  0.00000000e+00  1.12218602e-06 -1.15871093e-07 -1.00631491e-06 -1.35972295e-14 
 3.00000000e+01  6.10000000e-01 -6.10000000e-01  0.00000000e+00  0.00000000e+00  0.00000000e+00  1.14994581e-06 -1.20966955e-07 -1.02897884e-06 -1.37447505e-14 
 3.00000000e+01  6.20000000e-01 -6.20000000e-01  0.00000000e+00  0.00000000e+00  0.00000000e+00  1.17835245e-06 -1.26231774e-07 -1.05212066e-06 -1.38969722e-14 
 3.00000000e+01  6.30000000e-01 -6.30000000e-01  0.00000000e+00  0.00000000e+00  0.00000000e+00  1.20741983e-06 -1.31669903e-07 -1.07574991e-06 -1.40540231e-14 
 3.00000000e+01  6.40000000e-01 -6.40000000e-01  0.00000000e+00  0.00000000e+00  0.00000000e+00  1.23716211e-06 -1.37285789e-07 -1.09987631e-06 -1.42160348e-14 
 3.00000000e+01  6.50000000e-01 -6.50000000e-01  0.00000000e+00  0.00000000e+00  0.00000000e+00  1.26759373e-06 -1.43083978e-07 -1.12450974e-06 -1.43831421e-14 
 3.00000000e+01  6.60000000e-01 -6.60000000e-01  0.00000000e+00  0.00000000e+00  0.00000000e+00  1.29872938e-06 -1.49069117e-07 -1.14966025e-06 -1.45554830e-14 
 3.00000000e+01  6.70000000e-01 -6.70000000e-01  0.00000000e+00  0.00000000e+00  0.00000000e+00  1.33058405e-06 -1.55245955e-07 -1.17533808e-06 -1.47331990e-14 
 3.00000000e+01  6.80000000e-01 -6.80000000e-01  0.00000000e+00  0.00000000e+00  0.00000000e+00  1.36317299e-06 -1.61619345e-07 -1.20155363e-06 -1.49164347e-14 
 3.00000000e+01  6.90000000e-01 -6.90000000e-01  0.00000000e+00  0.00000000e+00  0.00000000e+00  1.39651176e-06 -1.68194250e-07 -1.22831749e-06 -1.51053382e-14 
 3.00000000e+01  7.00000000e-01 -7.00000000e-01  0.00000000e+00  0.00000000e+00  0.00000000e+00  1.43061620e-06 -1.74975737e-07 -1.25564045e-06 -1.53000612e-14 
 3.00000000e+01  7.10000000e-01 -7.10000000e-01  0.00000000e+00  0.00000000e+00  0.00000000e+00  1.46550246e-06 -1.81968988e-07 -1.28353346e-06 -1.55007590e-14 
 3.00000000e+01  7.20000000e-01 -7.20000000e-01  0.00000000e+00  0.00000000e+00  0.00000000e+00  1.50118698e-06 -1.89179296e-07 -1.31200767e-06 -1.57075904e-14 
 3.00000000e+01  7.30000000e-01 -7.30000000e-01  0.00000000e+00  0.00000000e+00  0.00000000e+00  1.53768652e-06 -1.96612071e-07 -1.34107443e-06 -1.59207181e-14 
 3.00000000e+01  7.40000000e-01 -7.40000000e-01  0.00000000e+00  0.00000000e+00  0.00000000e+00  1.57501815e-06 -2.04272838e-07 -1.37074529e-06 -1.61403084e-14 
 3.00000000e+01  7.50000000e-01 -7.50000000e-01  0.00000000e+00  0.00000000e+00  0.00000000e+00  1.61319926e-06 -2.12167247e-07 -1.40103200e-06 -1.63665316e-14 
 3.00000000e+01  7.60000000e-01 -7.60000000e-01  0.00000000e+00  0.00000000e+00  0.00000000e+00  1.65224758e-06 -2.20301066e-07 -1.43194650e-06 -1.65995621e-14 
 3.00000000e+01  7.70000000e-01 -7.70000000e-01  0.00000000e+00  0.00000000e+00  0.00000000e+00  1.69218116e-06 -2.28680190e-07 -1.46350095e-06 -1.68395780e-14 
 3.00000000e+01  7.80000000e-01 -7.80000000e-01  0.00000000e+00  0.00000000e+00  0.00000000e+00  1.73301839e-06 -2.37310643e-07 -1.49570773e-06 -1.70867618e-14 
 3.00000000e+01  7.90000000e-01 -7.90000000e-01  0.00000000e+00  0.00000000e+00  0.00000000e+00  1.77477801e-06 -2.46198575e-07 -1.52857942e-06 -1.73413000e-14 
 3.00000000e+01  8.00000000e-01 -8.00000000e-01  0.00000000e+00  0.00000000e+00  0.00000000e+00  1.81747912e-06 -2.55350273e-07 -1.56212883e-06 -1.76033836e-14 
 3.00000000e+01  8.10000000e-01 -8.10000000e-01  0.00000000e+00  0.00000000e+00  0.00000000e+00  1.86114117e-06 -2.64772156e-07 -1.59636900e-06 -1.78732078e-14 
 3.00000000e+01  8.20000000e-01 -8.20000000e-01  0.00000000e+00  0.00000000e+00  0.00000000e+00  1.90578398e-06 -2.74470783e-07 -1.63131318e-06 -1.81509723e-14 
 3.00000000e+01  8.30000000e-01 -8.30000000e-01  0.00000000e+00  0.00000000e+00  0.00000000e+00  1.95142774e-06 -2.84452853e-07 -1.66697487e-06 -1.84368813e-14 
 3.00000000e+01  8.40000000e-01 -8.40000000e-01  0.00000000e+00  0.00000000e+00  0.00000000e+00  1.99809303e-06 -2.94725208e-07 -1.70336781e-06 -1.87311437e-14 
 3.00000000e+01  8.50000000e-01 -8.50000000e-01  0.00000000e+00  0.00000000e+00  0.00000000e+00  2.04580082e-06 -3.05294836e-07 -1.74050597e-06 -1.90339731e-14 
 3.00000000e+01  8.60000000e-01 -8.60000000e-01  0.00000000e+00  0.00000000e+00  0.00000000e+00  2.09457247e-06 -3.16168877e-07 -1.77840357e-06 -1.93455878e-14 
 3.00000000e+01  8.70000000e-01 -8.70000000e-01  0.00000000e+00  0.00000000e+00  0.00000000e+00  2.14442975e-06 -3.27354619e-07 -1.81707511e-06 -1.96662112e-14 
 3.00000000e+01  8.80000000e-01 -8.80000000e-01  0.00000000e+00  0.00000000e+00  0.00000000e+00  2.19539484e-06 -3.38859507e-07 -1.85653531e-06 -1.99960714e-14 
 3.00000000e+01  8.90000000e-01 -8.90000000e-01  0.00000000e+00  0.00000000e+00  0.00000000e+00  2.24749036e-06 -3.50691145e-07 -1.89679919e-06 -2.03354021e-14 
 3.00000000e+01  9.00000000e-01 -9.00000000e-01  0.00000000e+00  0.00000000e+00  0.00000000e+00  2.30073934e-06 -3.62857298e-07 -1.93788203e-06 -2.06844415e-14 
 3.00000000e+01  9.10000000e-01 -9.10000000e-01  0.00000000e+00  0.00000000e+00  0.00000000e+00  2.35516529e-06 -3.75365893e-07 -1.97979938e-06 -2.10434338e-14 
 3.00000000e+01  9.20000000e-01 -9.20000000e-01  0.00000000e+00  0.00000000e+00  0.00000000e+00  2.41079213e-06 -3.88225029e-07 -2.02256708e-06 -2.14126281e-14 
 3.00000000e+01  9.30000000e-01 -9.30000000e-01  0.00000000e+00  0.00000000e+00  0.00000000e+00  2.46764428e-06 -4.01442971e-07 -2.06620129e-06 -2.17922823e-14 
 3.00000000e+01  9.40000000e-01 -9.40000000e-01  0.00000000e+00  0.00000000e+00  0.00000000e+00  2.52574663e-06 -4.15028162e-07 -2.11071844e-06 -2.76678838e-14 
 3.00000000e+01  9.50000000e-01 -9.50000000e-01  0.00000000e+00  0.00000000e+00  0.00000000e+00  2.58512454e-06 -4.28989221e-07 -2.15613528e-06 -3.64770003e-14 
 3.00000000e+01  9.60000000e-01 -9.60000000e-01  0.00000000e+00  0.00000000e+00  0.00000000e+00  2.64580388e-06 -4.43334950e-07 -2.20246888e-06 -4.93630277e-14 
 3.00000000e+01  9.70000000e-01 -9.70000000e-01  0.00000000e+00  0.00000000e+00  0.00000000e+00  2.70781104e-06 -4.58074332e-07 -2.24973664e-06 -6.81581533e-14 
 3.00000000e+01  9.80000000e-01 -9.80000000e-01  0.00000000e+00  0.00000000e+00  0.00000000e+00  2.77117294e-06 -4.73216541e-07 -2.29795631e-06 -9.59300931e-14 
 3.00000000e+01  9.90000000e-01 -9.90000000e-01  0.00000000e+00  0.00000000e+00  0.00000000e+00  2.83591703e-06 -4.88770944e-07 -2.34714595e-06 -1.39399858e-13 
 3.00000000e+01  1.00000000e+00 -1.00000000e+00  0.00000000e+00  0.00000000e+00  0.00000000e+00  2.90207133e-06 -5.04747101e-07 -2.39732401e-06 -2.17609258e-13 
 3.00000000e+01  1.01000000e+00 -1.01000000e+00  0.00000000e+00  0.00000000e+00  0.00000000e+00  2.96966448e-06 -5.21154772e-07 -2.44850932e-06 -3.89563431e-13 
 3.00000000e+01  1.02000000e+00 -1.02000000e+00  0.00000000e+00  0.00000000e+00  0.00000000e+00  3.03872582e-06 -5.38003922e-07 -2.50072106e-06 -8.32024388e-13 
 3.00000000e+01  1.03000000e+00 -1.03000000e+00  0.00000000e+00  0.00000000e+00  0.00000000e+00  3.10928558e-06 -5.55304722e-07 -2.55397883e-06 -2.03463877e-12 
 3.00000000e+01  1.04000000e+00 -1.04000000e+00  0.00000000e+00  0.00000000e+00  0.00000000e+00  3.18137542e-06 -5.73067554e-07 -2.60830262e-06 -5.24186443e-12 
 3.00000000e+01  1.05000000e+00 -1.05000000e+00  0.00000000e+00  0.00000000e+00  0.00000000e+00  3.25502924e-06 -5.91303016e-07 -2.66371286e-06 -1.33679153e-11 
 3.00000000e+01  1.06000000e+00 -1.06000000e+00  0.00000000e+00  0.00000000e+00  0.00000000e+00  3.33028507e-06 -6.10021926e-07 -2.72023040e-06 -3.27473441e-11 
 3.00000000e+01  1.07000000e+00 -1.07000000e+00  0.00000000e+00  0.00000000e+00  0.00000000e+00  3.40718814e-06 -6.29235326e-07 -2.77787656e-06 -7.62596832e-11 
 3.00000000e+01  1.08000000e+00 -1.08000000e+00  0.00000000e+00  0.00000000e+00  0.00000000e+00  3.48579617e-06 -6.48954484e-07 -2.83667311e-06 -1.68574617e-10 
 3.00000000e+01  1.09000000e+00 -1.09000000e+00  0.00000000e+00  0.00000000e+00  0.00000000e+00  3.56618773e-06 -6.69190902e-07 -2.89664234e-06 -3.54490324e-10 
 3.00000000e+01  1.10000000e+00 -1.10000000e+00  0.00000000e+00  0.00000000e+00  0.00000000e+00  3.64847491e-06 -6.89956320e-07 -2.95780703e-06 -7.11562174e-10 
 3.00000000e+01  1.11000000e+00 -1.11000000e+00  0.00000000e+00  0.00000000e+00  0.00000000e+00  3.73282161e-06 -7.11262717e-07 -3.02019048e-06 -1.36841915e-09 
 3.00000000e+01  1.12000000e+00 -1.12000000e+00  0.00000000e+00  0.00000000e+00  0.00000000e+00  3.81946922e-06 -7.33122321e-07 -3.08381658e-06 -2.53031848e-09 
 3.00000000e+01  1.13000000e+00 -1.13000000e+00  0.00000000e+00  0.00000000e+00  0.00000000e+00  3.90877097e-06 -7.55547610e-07 -3.14870978e-06 -4.51357526e-09 
 3.00000000e+01  1.14000000e+00 -1.14000000e+00  0.00000000e+00  0.00000000e+00  0.00000000e+00  4.00123701e-06 -7.78551315e-07 -3.21489518e-06 -7.79050964e-09 
 3.00000000e+01  1.15000000e+00 -1.15000000e+00  0.00000000e+00  0.00000000e+00  0.00000000e+00  4.09759143e-06 -8.02146432e-07 -3.28239853e-06 -1.30464713e-08 
 3.00000000e+01  1.16000000e+00 -1.16000000e+00  0.00000000e+00  0.00000000e+00  0.00000000e+00  4.19884281e-06 -8.26346220e-07 -3.35124626e-06 -2.12503311e-08 
 3.00000000e+01  1.17000000e+00 -1.17000000e+00  0.00000000e+00  0.00000000e+00  0.00000000e+00  4.30636938e-06 -8.51164210e-07 -3.42146560e-06 -3.37395773e-08 
 3.00000000e+01  1.18000000e+00 -1.18000000e+00  0.00000000e+00  0.00000000e+00  0.00000000e+00  4.42201959e-06 -8.76614207e-07 -3.49308455e-06 -5.23208370e-08 
 3.00000000e+01  1.19000000e+00 -1.19000000e+00  0.00000000e+00  0.00000000e+00  0.00000000e+00  4.54822859e-06 -9.02710299e-07 -3.56613202e-06 -7.93862697e-08 
 3.00000000e+01  1.20000000e+00 -1.20000000e+00  0.00000000e+00  0.00000000e+00  0.00000000e+00  4.68815060e-06 -9.29466860e-07 -3.64063786e-06 -1.18045880e-07 
