 3.00000000e+01  1.00000000e-02 -1.00000000e-02  0.00000000e+00  0.00000000e+00  0.00000000e+00  2.81861782e-08 -7.35044941e-11 -2.81126705e-08 -3.18003521e-15 
 3.00000000e+01  2.00000000e-02 -2.00000000e-02  0.00000000e+00  0.00000000e+00  0.00000000e+00  5.06244089e-08 -1.57692664e-10 -5.04667109e-08 -5.35016848e-15 
 3.00000000e+01  3.00000000e-02 -3.00000000e-02  0.00000000e+00  0.00000000e+00  0.00000000e+00  6.77907189e-08 -2.52960149e-10 -6.75377519e-08 -6.83136604e-15 
 3.00000000e+01  4.00000000e-02 -4.00000000e-02  0.00000000e+00  0.00000000e+00  0.00000000e+00  8.05008414e-08 -3.59712539e-10 -8.01411211e-08 -7.84312933e-15 
 3.00000000e+01  5.00000000e-02 -5.00000000e-02  0.00000000e+00  0.00000000e+00  0.00000000e+00  8.98249844e-08 -4.78365700e-10 -8.93466102e-08 -8.53510126e-15 
 3.00000000e+01  6.00000000e-02 -6.00000000e-02  0.00000000e+00  0.00000000e+00  0.00000000e+00  9.68440417e-08 -6.09346067e-10 -9.62346866e-08 -9.00925022e-15 
 3.00000000e+01  7.00000000e-02 -7.00000000e-02  0.00000000e+00  0.00000000e+00  0.00000000e+00  1.02423336e-07 -7.53090926e-10 -1.01670236e-07 -9.33504358e-15 
 3.00000000e+01  8.00000000e-02 -8.00000000e-02  0.00000000e+00  0.00000000e+00  0.00000000e+00  1.07147454e-07 -9.10048688e-10 -1.06237395e-07 -9.55981748e-15 
 3.00000000e+01  9.00000000e-02 -9.00000000e-02  0.00000000e+00  0.00000000e+00  0.00000000e+00  1.11375249e-07 -1.08067917e-09 -1.10294561e-07 -9.71584067e-15 
 3.00000000e+01  1.00000000e-01 -1.00000000e-01  0.00000000e+00  0.00000000e+00  0.00000000e+00  1.15319531e-07 -1.26545385e-09 -1.14054068e-07 -9.82511811e-15 
 3.00000000e+01  1.10000000e-01 -1.10000000e-01  0.00000000e+00  0.00000000e+00  0.00000000e+00  1.19107141e-07 -1.46485616e-09 -1.17642275e-07 -9.90265891e-15 
 3.00000000e+01  1.20000000e-01 -1.20000000e-01  0.00000000e+00  0.00000000e+00  0.00000000e+00  1.22815718e-07 -1.67938175e-09 -1.21136327e-07 -9.95870224e-15 
 3.00000000e+01  1.30000000e-01 -1.30000000e-01  0.00000000e+00  0.00000000e+00  0.00000000e+00  1.26494562e-07 -1.90953877e-09 -1.24585013e-07 -1.00002345e-14 
 3.00000000e+01  1.40000000e-01 -1.40000000e-01  0.00000000e+00  0.00000000e+00  0.00000000e+00  1.30176273e-07 -2.15584816e-09 -1.28020415e-07 -1.00320238e-14 
 3.00000000e+01  1.50000000e-01 -1.50000000e-01  0.00000000e+00  0.00000000e+00  0.00000000e+00  1.33883328e-07 -2.41884390e-09 -1.31464474e-07 -1.00573258e-14 
 3.00000000e+01  1.60000000e-01 -1.60000000e-01  0.00000000e+00  0.00000000e+00  0.00000000e+00  1.37631875e-07 -2.69907334e-09 -1.34932792e-07 -1.00783648e-14 
 3.00000000e+01  1.70000000e-01 -1.70000000e-01  0.00000000e+00  0.00000000e+00  0.00000000e+00  1.41433987e-07 -2.99709748e-09 -1.38436879e-07 -1.00966618e-14 
 3.00000000e+01  1.80000000e-01 -1.80000000e-01  0.00000000e+00  0.00000000e+00  0.00000000e+00  1.45299044e-07 -3.31349126e-09 -1.41985543e-07 -1.01132588e-14 
 3.00000000e+01  1.90000000e-01 -1.90000000e-01  0.00000000e+00  0.00000000e+00  0.00000000e+00  1.49234603e-07 -3.64884390e-09 -1.45585749e-07 -1.01288710e-14 
 3.00000000e+01  2.00000000e-01 -2.00000000e-01  0.00000000e+00  0.00000000e+00  0.00000000e+00  1.53246957e-07 -4.00375914e-09 -1.49243188e-07 -1.01439909e-14 
 3.00000000e+01  2.10000000e-01 -2.10000000e-01  0.00000000e+00  0.00000000e+00  0.00000000e+00  1.57341514e-07 -4.37885565e-09 -1.52962648e-07 -1.01589598e-14 
 3.00000000e+01  2.20000000e-01 -2.20000000e-01  0.00000000e+00  0.00000000e+00  0.00000000e+00  1.61523045e-07 -4.77476725e-09 -1.56748268e-07 -1.01740157e-14 
 3.00000000e+01  2.30000000e-01 -2.30000000e-01  0.00000000e+00  0.00000000e+00  0.00000000e+00  1.65795864e-07 -5.19214334e-09 -1.60603711e-07 -1.01893264e-14 
 3.00000000e+01  2.40000000e-01 -2.40000000e-01  0.00000000e+00  0.00000000e+00  0.00000000e+00  1.70163950e-07 -5.63164915e-09 -1.64532291e-07 -1.02050121e-14 
 3.00000000e+01  2.50000000e-01 -2.50000000e-01  0.00000000e+00  0.00000000e+00  0.00000000e+00  1.74631040e-07 -6.09396613e-09 -1.68537064e-07 -1.02211609e-14 
 3.00000000e+01  2.60000000e-01 -2.60000000e-01  0.00000000e+00  0.00000000e+00  0.00000000e+00  1.79200694e-07 -6.57979228e-09 -1.72620892e-07 -1.02378388e-14 
 3.00000000e+01  2.70000000e-01 -2.70000000e-01  0.00000000e+00  0.00000000e+00  0.00000000e+00  1.83876343e-07 -7.08984251e-09 -1.76786490e-07 -1.02550972e-14 
 3.00000000e+01  2.80000000e-01 -2.80000000e-01  0.00000000e+00  0.00000000e+00  0.00000000e+00  1.88661329e-07 -7.62484899e-09 -1.81036469e-07 -1.02729779e-14 
 3.00000000e+01  2.90000000e-01 -2.90000000e-01  0.00000000e+00  0.00000000e+00  0.00000000e+00  1.93558932e-07 -8.18556153e-09 -1.85373360e-07 -1.02915159e-14 
 3.00000000e+01  3.00000000e-01 -3.00000000e-01  0.00000000e+00  0.00000000e+00  0.00000000e+00  1.98572394e-07 -8.77274796e-09 -1.89799636e-07 -1.03107421e-14 
 3.00000000e+01  3.10000000e-01 -3.10000000e-01  0.00000000e+00  0.00000000e+00  0.00000000e+00  2.03704937e-07 -9.38719449e-09 -1.94317732e-07 -1.03306848e-14 
 3.00000000e+01  3.20000000e-01 -3.20000000e-01  0.00000000e+00  0.00000000e+00  0.00000000e+00  2.08959774e-07 -1.00297061e-08 -1.98930057e-07 -1.03513705e-14 
 3.00000000e+01  3.30000000e-01 -3.30000000e-01  0.00000000e+00  0.00000000e+00  0.00000000e+00  2.14340125e-07 -1.07011070e-08 -2.03639008e-07 -1.03728248e-14 
 3.00000000e+01  3.40000000e-01 -3.40000000e-01  0.00000000e+00  0.00000000e+00  0.00000000e+00  2.19849224e-07 -1.14022409e-08 -2.08446973e-07 -1.03950732e-14 
 3.00000000e+01  3.50000000e-01 -3.50000000e-01  0.00000000e+00  0.00000000e+00  0.00000000e+00  2.25490329e-07 -1.21339716e-08 -2.13356347e-07 -1.04181407e-14 
 3.00000000e+01  3.60000000e-01 -3.60000000e-01  0.00000000e+00  0.00000000e+00  0.00000000e+00  2.31266724e-07 -1.28971833e-08 -2.18369530e-07 -1.04420527e-14 
 3.00000000e+01  3.70000000e-01 -3.70000000e-01  0.00000000e+00  0.00000000e+00  0.00000000e+00  2.37181730e-07 -1.36927809e-08 -2.23488939e-07 -1.04668350e-14 
 3.00000000e+01  3.80000000e-01 -3.80000000e-01  0.00000000e+00  0.00000000e+00  0.00000000e+00  2.43238710e-07 -1.45216908e-08 -2.28717008e-07 -1.04925137e-14 
 3.00000000e+01  3.90000000e-01 -3.90000000e-01  0.00000000e+00  0.00000000e+00  0.00000000e+00  2.49441067e-07 -1.53848611e-08 -2.34056195e-07 -1.05191156e-14 
 3.00000000e+01  4.00000000e-01 -4.00000000e-01  0.00000000e+00  0.00000000e+00  0.00000000e+00  2.55792255e-07 -1.62832619e-08 -2.39508982e-07 -1.05466679e-14 
 3.00000000e+01  4.10000000e-01 -4.10000000e-01  0.00000000e+00  0.00000000e+00  0.00000000e+00  2.62295779e-07 -1.72178861e-08 -2.45077882e-07 -1.05751986e-14 
 3.00000000e+01  4.20000000e-01 -4.20000000e-01  0.00000000e+00  0.00000000e+00  0.00000000e+00  2.68955198e-07 -1.81897497e-08 -2.50765438e-07 -1.06047364e-14 
 3.00000000e+01  4.30000000e-01 -4.30000000e-01  0.00000000e+00  0.00000000e+00  0.00000000e+00  2.75774129e-07 -1.91998924e-08 -2.56574226e-07 -1.06353107e-14 
 3.00000000e+01  4.40000000e-01 -4.40000000e-01  0.00000000e+00  0.00000000e+00  0.00000000e+00  2.82756249e-07 -2.02493776e-08 -2.62506861e-07 -1.06669515e-14 
 3.00000000e+01  4.50000000e-01 -4.50000000e-01  0.00000000e+00  0.00000000e+00  0.00000000e+00  2.89905297e-07 -2.13392939e-08 -2.68565993e-07 -1.06996897e-14 
 3.00000000e+01  4.60000000e-01 -4.60000000e-01  0.00000000e+00  0.00000000e+00  0.00000000e+00  2.97225078e-07 -2.24707544e-08 -2.74754313e-07 -1.07335570e-14 
 3.00000000e+01  4.70000000e-01 -4.70000000e-01  0.00000000e+00  0.00000000e+00  0.00000000e+00  3.04719463e-07 -2.36448983e-08 -2.81074554e-07 -1.07685859e-14 
 3.00000000e+01  4.80000000e-01 -4.80000000e-01  0.00000000e+00  0.00000000e+00  0.00000000e+00  3.12392392e-07 -2.48628906e-08 -2.87529490e-07 -1.08048096e-14 
 3.00000000e+01  4.90000000e-01 -4.90000000e-01  0.00000000e+00  0.00000000e+00  0.00000000e+00  3.20247877e-07 -2.61259232e-08 -2.94121943e-07 -1.08422623e-14 
 3.00000000e+01  5.00000000e-01 -5.00000000e-01  0.00000000e+00  0.00000000e+00  0.00000000e+00  3.28290002e-07 -2.74352152e-08 -3.00854775e-07 -1.08809790e-14 
 3.00000000e+01  5.10000000e-01 -5.10000000e-01  0.00000000e+00  0.00000000e+00  0.00000000e+00  3.36522926e-07 -2.87920134e-08 -3.07730902e-07 -1.09209956e-14 
 3.00000000e+01  5.20000000e-01 -5.20000000e-01  0.00000000e+00  0.00000000e+00  0.00000000e+00  3.44950887e-07 -3.01975931e-08 -3.14753283e-07 -1.09623489e-14 
 3.00000000e+01  5.30000000e-01 -5.30000000e-01  0.00000000e+00  0.00000000e+00  0.00000000e+00  3.53578198e-07 -3.16532586e-08 -3.21924929e-07 -1.10050766e-14 
 3.00000000e+01  5.40000000e-01 -5.40000000e-01  0.00000000e+00  0.00000000e+00  0.00000000e+00  3.62409256e-07 -3.31603434e-08 -3.29248901e-07 -1.10492173e-14 
 3.00000000e+01  5.50000000e-01 -5.50000000e-01  0.00000000e+00  0.00000000e+00  0.00000000e+00  3.71448537e-07 -3.47202116e-08 -3.36728315e-07 -1.10948107e-14 
 3.00000000e+01  5.60000000e-01 -5.60000000e-01  0.00000000e+00  0.00000000e+00  0.00000000e+00  3.80700604e-07 -3.63342578e-08 -3.44366335e-07 -1.11418973e-14 
 3.00000000e+01  5.70000000e-01 -5.70000000e-01  0.00000000e+00  0.00000000e+00  0.00000000e+00  3.90170104e-07 -3.80039081e-08 -3.52166184e-07 -1.11905189e-14 
 3.00000000e+01  5.80000000e-01 -5.80000000e-01  0.00000000e+00  0.00000000e+00  0.00000000e+00  3.99861771e-07 -3.97306206e-08 -3.60131139e-07 -1.12407179e-14 
 3.00000000e+01  5.90000000e-01 -5.90000000e-01  0.00000000e+00  0.00000000e+00  0.00000000e+00  4.09780429e-07 -4.15158861e-08 -3.68264532e-07 -1.12925380e-14 
 3.00000000e+01  6.00000000e-01 -6.00000000e-01  0.00000000e+00  0.00000000e+00  0.00000000e+00  4.19930994e-07 -4.33612287e-08 -3.76569754e-07 -1.13460241e-14 
 3.00000000e+01  6.10000000e-01 -6.10000000e-01  0.00000000e+00  0.00000000e+00  0.00000000e+00  4.30318475e-07 -4.52682066e-08 -3.85050257e-07 -1.14012219e-14 
 3.00000000e+01  6.20000000e-01 -6.20000000e-01  0.00000000e+00  0.00000000e+00  0.00000000e+00  4.40947972e-07 -4.72384128e-08 -3.93709548e-07 -1.14581784e-14 
 3.00000000e+01  6.30000000e-01 -6.30000000e-01  0.00000000e+00  0.00000000e+00  0.00000000e+00  4.51824686e-07 -4.92734755e-08 -4.02551199e-07 -1.15169416e-14 
 3.00000000e+01  6.40000000e-01 -6.40000000e-01  0.00000000e+00  0.00000000e+00  0.00000000e+00  4.62953913e-07 -5.13750592e-08 -4.11578842e-07 -1.15775608e-14 
 3.00000000e+01  6.50000000e-01 -6.50000000e-01  0.00000000e+00  0.00000000e+00  0.00000000e+00  4.74341052e-07 -5.35448653e-08 -4.20796175e-07 -1.16400865e-14 
 3.00000000e+01  6.60000000e-01 -6.60000000e-01  0.00000000e+00  0.00000000e+00  0.00000000e+00  4.85991600e-07 -5.57846328e-08 -4.30206956e-07 -1.17045702e-14 
 3.00000000e+01  6.70000000e-01 -6.70000000e-01  0.00000000e+00  0.00000000e+00  0.00000000e+00  4.97911162e-07 -5.80961389e-08 -4.39815011e-07 -1.17710648e-14 
 3.00000000e+01  6.80000000e-01 -6.80000000e-01  0.00000000e+00  0.00000000e+00  0.00000000e+00  5.10105446e-07 -6.04812002e-08 -4.49624234e-07 -1.18396245e-14 
 3.00000000e+01  6.90000000e-01 -6.90000000e-01  0.00000000e+00  0.00000000e+00  0.00000000e+00  5.22580268e-07 -6.29416731e-08 -4.59638583e-07 -1.19103046e-14 
 3.00000000e+01  7.00000000e-01 -7.00000000e-01  0.00000000e+00  0.00000000e+00  0.00000000e+00  5.35341555e-07 -6.54794547e-08 -4.69862088e-07 -1.19831619e-14 
 3.00000000e+01  7.10000000e-01 -7.10000000e-01  0.00000000e+00  0.00000000e+00  0.00000000e+00  5.48395344e-07 -6.80964838e-08 -4.80298848e-07 -1.20582544e-14 
 3.00000000e+01  7.20000000e-01 -7.20000000e-01  0.00000000e+00  0.00000000e+00  0.00000000e+00  5.61747786e-07 -7.07947414e-08 -4.90953032e-07 -1.21356416e-14 
 3.00000000e+01  7.30000000e-01 -7.30000000e-01  0.00000000e+00  0.00000000e+00  0.00000000e+00  5.75405149e-07 -7.35762520e-08 -5.01828884e-07 -1.22153843e-14 
 3.00000000e+01  7.40000000e-01 -7.40000000e-01  0.00000000e+00  0.00000000e+00  0.00000000e+00  5.89373817e-07 -7.64430839e-08 -5.12930721e-07 -1.22975447e-14 
 3.00000000e+01  7.50000000e-01 -7.50000000e-01  0.00000000e+00  0.00000000e+00  0.00000000e+00  6.03660296e-07 -7.93973507e-08 -5.24262933e-07 -1.23821866e-14 
 3.00000000e+01  7.60000000e-01 -7.60000000e-01  0.00000000e+00  0.00000000e+00  0.00000000e+00  6.18271213e-07 -8.24412115e-08 -5.35829989e-07 -1.24693750e-14 
 3.00000000e+01  7.70000000e-01 -7.70000000e-01  0.00000000e+00  0.00000000e+00  0.00000000e+00  6.33213320e-07 -8.55768724e-08 -5.47636435e-07 -1.25591766e-14 
 3.00000000e+01  7.80000000e-01 -7.80000000e-01  0.00000000e+00  0.00000000e+00  0.00000000e+00  6.48493496e-07 -8.88065874e-08 -5.59686895e-07 -1.26516597e-14 
 3.00000000e+01  7.90000000e-01 -7.90000000e-01  0.00000000e+00  0.00000000e+00  0.00000000e+00  6.64118748e-07 -9.21326589e-08 -5.71986077e-07 -1.27468941e-14 
 3.00000000e+01  8.00000000e-01 -8.00000000e-01  0.00000000e+00  0.00000000e+00  0.00000000e+00  6.80096218e-07 -9.55574391e-08 -5.84538766e-07 -1.28449511e-14 
 3.00000000e+01  8.10000000e-01 -8.10000000e-01  0.00000000e+00  0.00000000e+00  0.00000000e+00  6.96433180e-07 -9.90833307e-08 -5.97349837e-07 -1.29459037e-14 
 3.00000000e+01  8.20000000e-01 -8.20000000e-01  0.00000000e+00  0.00000000e+00  0.00000000e+00  7.13137046e-07 -1.02712788e-07 -6.10424245e-07 -1.30498267e-14 
 3.00000000e+01  8.30000000e-01 -8.30000000e-01  0.00000000e+00  0.00000000e+00  0.00000000e+00  7.30215366e-07 -1.06448318e-07 -6.23767035e-07 -1.31567963e-14 
 3.00000000e+01  8.40000000e-01 -8.40000000e-01  0.00000000e+00  0.00000000e+00  0.00000000e+00  7.47675836e-07 -1.10292482e-07 -6.37383340e-07 -1.32668907e-14 
 3.00000000e+01  8.50000000e-01 -8.50000000e-01  0.00000000e+00  0.00000000e+00  0.00000000e+00  7.65526294e-07 -1.14247895e-07 -6.51278386e-07 -1.33801897e-14 
 3.00000000e+01  8.60000000e-01 -8.60000000e-01  0.00000000e+00  0.00000000e+00  0.00000000e+00  7.83774730e-07 -1.18317228e-07 -6.65457489e-07 -1.34967751e-14 
 3.00000000e+01  8.70000000e-01 -8.70000000e-01  0.00000000e+00  0.00000000e+00  0.00000000e+00  8.02429284e-07 -1.22503210e-07 -6.79926060e-07 -1.36167303e-14 
 3.00000000e+01  8.80000000e-01 -8.80000000e-01  0.00000000e+00  0.00000000e+00  0.00000000e+00  8.21498250e-07 -1.26808626e-07 -6.94689610e-07 -1.37401406e-14 
 3.00000000e+01  8.90000000e-01 -8.90000000e-01  0.00000000e+00  0.00000000e+00  0.00000000e+00  8.40990084e-07 -1.31236324e-07 -7.09753746e-07 -1.38670933e-14 
 3.00000000e+01  9.00000000e-01 -9.00000000e-01  0.00000000e+00  0.00000000e+00  0.00000000e+00  8.60913400e-07 -1.35789207e-07 -7.25124179e-07 -1.39976776e-14 
 3.00000000e+01  9.10000000e-01 -9.10000000e-01  0.00000000e+00  0.00000000e+00  0.00000000e+00  8.81276981e-07 -1.40470244e-07 -7.40806722e-07 -1.41319847e-14 
 3.00000000e+01  9.20000000e-01 -9.20000000e-01  0.00000000e+00  0.00000000e+00  0.00000000e+00  9.02089777e-07 -1.45282465e-07 -7.56807298e-07 -1.42701078e-14 
 3.00000000e+01  9.30000000e-01 -9.30000000e-01  0.00000000e+00  0.00000000e+00  0.00000000e+00  9.23360914e-07 -1.50228964e-07 -7.73131936e-07 -1.44121433e-14 
 3.00000000e+01  9.40000000e-01 -9.40000000e-01  0.00000000e+00  0.00000000e+00  0.00000000e+00  9.45099696e-07 -1.55312900e-07 -7.89786780e-07 -1.66106682e-14 
 3.00000000e+01  9.50000000e-01 -9.50000000e-01  0.00000000e+00  0.00000000e+00  0.00000000e+00  9.67315608e-07 -1.60537499e-07 -8.06778089e-07 -1.99068247e-14 
 3.00000000e+01  9.60000000e-01 -9.60000000e-01  0.00000000e+00  0.00000000e+00  0.00000000e+00  9.90018321e-07 -1.65906055e-07 -8.24112241e-07 -2.47284537e-14 
 3.00000000e+01  9.70000000e-01 -9.70000000e-01  0.00000000e+00  0.00000000e+00  0.00000000e+00  1.01321770e-06 -1.71421931e-07 -8.41795737e-07 -3.17611381e-14 
 3.00000000e+01  9.80000000e-01 -9.80000000e-01  0.00000000e+00  0.00000000e+00  0.00000000e+00  1.03692380e-06 -1.77088559e-07 -8.59835202e-07 -4.21529374e-14 
 3.00000000e+01  9.90000000e-01 -9.90000000e-01  0.00000000e+00  0.00000000e+00  0.00000000e+00  1.06114690e-06 -1.82909446e-07 -8.78237393e-07 -5.84196929e-14 
 3.00000000e+01  1.00000000e+00 -1.00000000e+00  0.00000000e+00  0.00000000e+00  0.00000000e+00  1.08589746e-06 -1.88888169e-07 -8.97009200e-07 -8.76904729e-14 
 3.00000000e+01  1.01000000e+00 -1.01000000e+00  0.00000000e+00  0.00000000e+00  0.00000000e+00  1.11118618e-06 -1.95028381e-07 -9.16157650e-07 -1.52057682e-13 
 3.00000000e+01  1.02000000e+00 -1.02000000e+00  0.00000000e+00  0.00000000e+00  0.00000000e+00  1.13702404e-06 -2.01333812e-07 -9.35689914e-07 -3.17704042e-13 
 3.00000000e+01  1.03000000e+00 -1.03000000e+00  0.00000000e+00  0.00000000e+00  0.00000000e+00  1.16342234e-06 -2.07808268e-07 -9.55613309e-07 -7.67958636e-13 
 3.00000000e+01  1.04000000e+00 -1.04000000e+00  0.00000000e+00  0.00000000e+00  0.00000000e+00  1.19039291e-06 -2.14455635e-07 -9.75935305e-07 -1.96874961e-12 
 3.00000000e+01  1.05000000e+00 -1.05000000e+00  0.00000000e+00  0.00000000e+00  0.00000000e+00  1.21794842e-06 -2.21279880e-07 -9.96663530e-07 -5.01114046e-12 
 3.00000000e+01  1.06000000e+00 -1.06000000e+00  0.00000000e+00  0.00000000e+00  0.00000000e+00  1.24610309e-06 -2.28285051e-07 -1.01780577e-06 -1.22666955e-11 
 3.00000000e+01  1.07000000e+00 -1.07000000e+00  0.00000000e+00  0.00000000e+00  0.00000000e+00  1.27487383e-06 -2.35475280e-07 -1.03936999e-06 -2.85572258e-11 
 3.00000000e+01  1.08000000e+00 -1.08000000e+00  0.00000000e+00  0.00000000e+00  0.00000000e+00  1.30428223e-06 -2.42854786e-07 -1.06136432e-06 -6.31183416e-11 
 3.00000000e+01  1.09000000e+00 -1.09000000e+00  0.00000000e+00  0.00000000e+00  0.00000000e+00  1.33435767e-06 -2.50427874e-07 -1.08379708e-06 -1.32720891e-10 
 3.00000000e+01  1.10000000e+00 -1.10000000e+00  0.00000000e+00  0.00000000e+00  0.00000000e+00  1.36514209e-06 -2.58198936e-07 -1.10667676e-06 -2.66398412e-10 
 3.00000000e+01  1.11000000e+00 -1.11000000e+00  0.00000000e+00  0.00000000e+00  0.00000000e+00  1.39669683e-06 -2.66172457e-07 -1.13001207e-06 -5.12303633e-10 
 3.00000000e+01  1.12000000e+00 -1.12000000e+00  0.00000000e+00  0.00000000e+00  0.00000000e+00  1.42911220e-06 -2.74353013e-07 -1.15381191e-06 -9.47274386e-10 
 3.00000000e+01  1.13000000e+00 -1.13000000e+00  0.00000000e+00  0.00000000e+00  0.00000000e+00  1.46252040e-06 -2.82745274e-07 -1.17808540e-06 -1.68972157e-09 
 3.00000000e+01  1.14000000e+00 -1.14000000e+00  0.00000000e+00  0.00000000e+00  0.00000000e+00  1.49711234e-06 -2.91354006e-07 -1.20284188e-06 -2.91645394e-09 
 3.00000000e+01  1.15000000e+00 -1.15000000e+00  0.00000000e+00  0.00000000e+00  0.00000000e+00  1.53315902e-06 -3.00184073e-07 -1.22809092e-06 -4.88402355e-09 
 3.00000000e+01  1.16000000e+00 -1.16000000e+00  0.00000000e+00  0.00000000e+00  0.00000000e+00  1.57103789e-06 -3.09240436e-07 -1.25384234e-06 -7.95511192e-09 
 3.00000000e+01  1.17000000e+00 -1.17000000e+00  0.00000000e+00  0.00000000e+00  0.00000000e+00  1.61126477e-06 -3.18528162e-07 -1.28010622e-06 -1.26303830e-08 
 3.00000000e+01  1.18000000e+00 -1.18000000e+00  0.00000000e+00  0.00000000e+00  0.00000000e+00  1.65453143e-06 -3.28052416e-07 -1.30689291e-06 -1.95861092e-08 
 3.00000000e+01  1.19000000e+00 -1.19000000e+00  0.00000000e+00  0.00000000e+00  0.00000000e+00  1.70174924e-06 -3.37818472e-07 -1.33421303e-06 -2.97177393e-08 
 3.00000000e+01  1.20000000e+00 -1.20000000e+00  0.00000000e+00  0.00000000e+00  0.00000000e+00  1.75409867e-06 -3.47831709e-07 -1.36207754e-06 -4.41894235e-08 
