 3.00000000e+01  1.00000000e-02  1.00000000e-02  0.00000000e+00  1.00000000e-02  1.00000000e-02 -1.68926481e-10  3.37855175e-10 -1.68926481e-10 -2.21399505e-15 
 3.00000000e+01  2.00000000e-02  2.00000000e-02  0.00000000e+00  2.00000000e-02  2.00000000e-02 -3.11363214e-10  6.22730939e-10 -3.11363214e-10 -4.51066051e-15 
 3.00000000e+01  3.00000000e-02  3.00000000e-02  0.00000000e+00  3.00000000e-02  3.00000000e-02 -4.28308453e-10  8.56623796e-10 -4.28308453e-10 -6.89097217e-15 
 3.00000000e+01  4.00000000e-02  4.00000000e-02  0.00000000e+00  4.00000000e-02  4.00000000e-02 -5.20747838e-10  1.04150503e-09 -5.20747838e-10 -9.35980893e-15 
 3.00000000e+01  5.00000000e-02  5.00000000e-02  0.00000000e+00  5.00000000e-02  5.00000000e-02 -5.89661857e-10  1.17933564e-09 -5.89661857e-10 -1.19238387e-14 
 3.00000000e+01  6.00000000e-02  6.00000000e-02  0.00000000e+00  6.00000000e-02  6.00000000e-02 -6.36037238e-10  1.27208907e-09 -6.36037238e-10 -1.45909760e-14 
 3.00000000e+01  7.00000000e-02  7.00000000e-02  0.00000000e+00  7.00000000e-02  7.00000000e-02 -6.60884551e-10  1.32178647e-09 -6.60884551e-10 -1.73715209e-14 
 3.00000000e+01  8.00000000e-02  8.00000000e-02  0.00000000e+00  8.00000000e-02  8.00000000e-02 -6.65265855e-10  1.33055199e-09 -6.65265855e-10 -2.02817364e-14 
 3.00000000e+01  9.00000000e-02  9.00000000e-02  0.00000000e+00  9.00000000e-02  9.00000000e-02 -6.50338860e-10  1.30070106e-09 -6.50338860e-10 -2.33381023e-14 
 3.00000000e+01  1.00000000e-01  1.00000000e-01  0.00000000e+00  1.00000000e-01  1.00000000e-01 -6.17429416e-10  1.23488540e-09 -6.17429416e-10 -2.65655553e-14 
 3.00000000e+01  1.10000000e-01  1.10000000e-01  0.00000000e+00  1.10000000e-01  1.10000000e-01 -5.68155911e-10  1.13634182e-09 -5.68155911e-10 -2.99946699e-14 
 3.00000000e+01  1.20000000e-01  1.20000000e-01  0.00000000e+00  1.20000000e-01  1.20000000e-01 -5.04660551e-10  1.00935477e-09 -5.04660551e-10 -3.36662122e-14 
 3.00000000e+01  1.30000000e-01  1.30000000e-01  0.00000000e+00  1.30000000e-01  1.30000000e-01 -4.30106469e-10  8.60250567e-10 -4.30106469e-10 -3.76270196e-14 
 3.00000000e+01  1.40000000e-01  1.40000000e-01  0.00000000e+00  1.40000000e-01  1.40000000e-01 -3.50048451e-10  7.00138849e-10 -3.50048451e-10 -4.19464810e-14 
 3.00000000e+01  1.50000000e-01  1.50000000e-01  0.00000000e+00  1.50000000e-01  1.50000000e-01 -2.77889099e-10  5.55824899e-10 -2.77889099e-10 -4.67017917e-14 
 3.00000000e+01  1.60000000e-01  1.60000000e-01  0.00000000e+00  1.60000000e-01  1.60000000e-01 -2.61908543e-10  5.23869076e-10 -2.61908543e-10 -5.19879279e-14 
 3.00000000e+01  1.70000000e-01  1.70000000e-01  0.00000000e+00  1.70000000e-01  1.70000000e-01 -3.90411114e-10  7.80880161e-10 -3.90411114e-10 -5.79341262e-14 
 3.00000000e+01  1.80000000e-01  1.80000000e-01  0.00000000e+00  1.80000000e-01  1.80000000e-01 -6.34499802e-10  1.26906429e-09 -6.34499802e-10 -6.46835016e-14 
 3.00000000e+01  1.90000000e-01  1.90000000e-01  0.00000000e+00  1.90000000e-01  1.90000000e-01 -9.63105317e-10  1.92628306e-09 -9.63105317e-10 -7.24247051e-14 
 3.00000000e+01  2.00000000e-01  2.00000000e-01  0.00000000e+00  2.00000000e-01  2.00000000e-01 -1.38354835e-09  2.76717807e-09 -1.38354835e-09 -8.13819498e-14 
 3.00000000e+01  2.10000000e-01  2.10000000e-01  0.00000000e+00  2.10000000e-01  2.10000000e-01 -1.91490487e-09  3.82990156e-09 -1.91490487e-09 -9.18267198e-14 
 3.00000000e+01  2.20000000e-01  2.20000000e-01  0.00000000e+00  2.20000000e-01  2.20000000e-01 -2.58061541e-09  5.16133492e-09 -2.58061542e-09 -1.04094684e-13 
 3.00000000e+01  2.30000000e-01  2.30000000e-01  0.00000000e+00  2.30000000e-01  2.30000000e-01 -3.40466246e-09  6.80944351e-09 -3.40466246e-09 -1.18599575e-13 
 3.00000000e+01  2.40000000e-01  2.40000000e-01  0.00000000e+00  2.40000000e-01  2.40000000e-01 -4.40809552e-09  8.81632687e-09 -4.40809552e-09 -1.35824511e-13 
 3.00000000e+01  2.50000000e-01  2.50000000e-01  0.00000000e+00  2.50000000e-01  2.50000000e-01 -5.60635415e-09  1.12128647e-08 -5.60635415e-09 -1.56380117e-13 
 3.00000000e+01  2.60000000e-01  2.60000000e-01  0.00000000e+00  2.60000000e-01  2.60000000e-01 -7.00827295e-09  1.40167269e-08 -7.00827295e-09 -1.80985435e-13 
 3.00000000e+01  2.70000000e-01  2.70000000e-01  0.00000000e+00  2.70000000e-01  2.70000000e-01 -8.61693826e-09  1.72340870e-08 -8.61693826e-09 -2.10536449e-13 
 3.00000000e+01  2.80000000e-01  2.80000000e-01  0.00000000e+00  2.80000000e-01  2.80000000e-01 -1.04316964e-08  2.08636389e-08 -1.04316964e-08 -2.46095679e-13 
 3.00000000e+01  2.90000000e-01  2.90000000e-01  0.00000000e+00  2.90000000e-01  2.90000000e-01 -1.24503254e-08  2.49009398e-08 -1.24503254e-08 -2.88965032e-13 
 3.00000000e+01  3.00000000e-01  3.00000000e-01  0.00000000e+00  3.00000000e-01  3.00000000e-01 -1.46706964e-08  2.93417335e-08 -1.46706964e-08 -3.40704895e-13 
 3.00000000e+01  3.10000000e-01  3.10000000e-01  0.00000000e+00  3.10000000e-01  3.10000000e-01 -1.70917325e-08  3.41838681e-08 -1.70917325e-08 -4.03205247e-13 
 3.00000000e+01  3.20000000e-01  3.20000000e-01  0.00000000e+00  3.20000000e-01  3.20000000e-01 -1.97137867e-08  3.94280521e-08 -1.97137867e-08 -4.78749852e-13 
 3.00000000e+01  3.30000000e-01  3.30000000e-01  0.00000000e+00  3.30000000e-01  3.30000000e-01 -2.25386552e-08  4.50778806e-08 -2.25386552e-08 -5.70081309e-13 
 3.00000000e+01  3.40000000e-01  3.40000000e-01  0.00000000e+00  3.40000000e-01  3.40000000e-01 -2.55694133e-08  5.11395072e-08 -2.55694133e-08 -6.80508601e-13 
 3.00000000e+01  3.50000000e-01  3.50000000e-01  0.00000000e+00  3.50000000e-01  3.50000000e-01 -2.88101933e-08  5.76212006e-08 -2.88101933e-08 -8.14011185e-13 
 3.00000000e+01  3.60000000e-01  3.60000000e-01  0.00000000e+00  3.60000000e-01  3.60000000e-01 -3.22659696e-08  6.45329145e-08 -3.22659696e-08 -9.75363887e-13 
 3.00000000e+01  3.70000000e-01  3.70000000e-01  0.00000000e+00  3.70000000e-01  3.70000000e-01 -3.59423766e-08  7.18859235e-08 -3.59423766e-08 -1.17030691e-12 
 3.00000000e+01  3.80000000e-01  3.80000000e-01  0.00000000e+00  3.80000000e-01  3.80000000e-01 -3.98455662e-08  7.96925380e-08 -3.98455662e-08 -1.40573577e-12 
 3.00000000e+01  3.90000000e-01  3.90000000e-01  0.00000000e+00  3.90000000e-01  3.90000000e-01 -4.39821014e-08  8.79658928e-08 -4.39821014e-08 -1.68991557e-12 
 3.00000000e+01  4.00000000e-01  4.00000000e-01  0.00000000e+00  4.00000000e-01  4.00000000e-01 -4.83588816e-08  9.67197959e-08 -4.83588816e-08 -2.03275244e-12 
 3.00000000e+01  4.10000000e-01  4.10000000e-01  0.00000000e+00  4.10000000e-01  4.10000000e-01 -5.29830895e-08  1.05968625e-07 -5.29830895e-08 -2.44612317e-12 
 3.00000000e+01  4.20000000e-01  4.20000000e-01  0.00000000e+00  4.20000000e-01  4.20000000e-01 -5.78621581e-08  1.15727261e-07 -5.78621581e-08 -2.94426289e-12 
 3.00000000e+01  4.30000000e-01  4.30000000e-01  0.00000000e+00  4.30000000e-01  4.30000000e-01 -6.30037483e-08  1.26011041e-07 -6.30037483e-08 -3.54421180e-12 
 3.00000000e+01  4.40000000e-01  4.40000000e-01  0.00000000e+00  4.40000000e-01  4.40000000e-01 -6.84157369e-08  1.36835740e-07 -6.84157369e-08 -4.26637024e-12 
 3.00000000e+01  4.50000000e-01  4.50000000e-01  0.00000000e+00  4.50000000e-01  4.50000000e-01 -7.41062105e-08  1.48217556e-07 -7.41062105e-08 -5.13515619e-12 
 3.00000000e+01  4.60000000e-01  4.60000000e-01  0.00000000e+00  4.60000000e-01  4.60000000e-01 -8.00834640e-08  1.60173108e-07 -8.00834640e-08 -6.17978065e-12 
 3.00000000e+01  4.70000000e-01  4.70000000e-01  0.00000000e+00  4.70000000e-01  4.70000000e-01 -8.63560010e-08  1.72719437e-07 -8.63560010e-08 -7.43518615e-12 
 3.00000000e+01  4.80000000e-01  4.80000000e-01  0.00000000e+00  4.80000000e-01  4.80000000e-01 -9.29325371e-08  1.85874017e-07 -9.29325371e-08 -8.94315524e-12 
 3.00000000e+01  4.90000000e-01  4.90000000e-01  0.00000000e+00  4.90000000e-01  4.90000000e-01 -9.98220039e-08  1.99654761e-07 -9.98220039e-08 -1.07536220e-11 
 3.00000000e+01  5.00000000e-01  5.00000000e-01  0.00000000e+00  5.00000000e-01  5.00000000e-01 -1.07033553e-07  2.14080033e-07 -1.07033553e-07 -1.29262764e-11 
 3.00000000e+01  5.10000000e-01  5.10000000e-01  0.00000000e+00  5.10000000e-01  5.10000000e-01 -1.14576563e-07  2.29168658e-07 -1.14576563e-07 -1.55324573e-11 
 3.00000000e+01  5.20000000e-01  5.20000000e-01  0.00000000e+00  5.20000000e-01  5.20000000e-01 -1.22460640e-07  2.44939937e-07 -1.22460640e-07 -1.86573569e-11 
 3.00000000e+01  5.30000000e-01  5.30000000e-01  0.00000000e+00  5.30000000e-01  5.30000000e-01 -1.30695629e-07  2.61413661e-07 -1.30695629e-07 -2.24026995e-11 
 3.00000000e+01  5.40000000e-01  5.40000000e-01  0.00000000e+00  5.40000000e-01  5.40000000e-01 -1.39291615e-07  2.78610121e-07 -1.39291615e-07 -2.68900180e-11 
 3.00000000e+01  5.50000000e-01  5.50000000e-01  0.00000000e+00  5.50000000e-01  5.50000000e-01 -1.48258930e-07  2.96550123e-07 -1.48258930e-07 -3.22643145e-11 
 3.00000000e+01  5.60000000e-01  5.60000000e-01  0.00000000e+00  5.60000000e-01  5.60000000e-01 -1.57608155e-07  3.15255008e-07 -1.57608155e-07 -3.86987092e-11 
 3.00000000e+01  5.70000000e-01  5.70000000e-01  0.00000000e+00  5.70000000e-01  5.70000000e-01 -1.67350130e-07  3.34746660e-07 -1.67350130e-07 -4.63997556e-11 
 3.00000000e+01  5.80000000e-01  5.80000000e-01  0.00000000e+00  5.80000000e-01  5.80000000e-01 -1.77495957e-07  3.55047528e-07 -1.77495957e-07 -5.56138590e-11 
 3.00000000e+01  5.90000000e-01  5.90000000e-01  0.00000000e+00  5.90000000e-01  5.90000000e-01 -1.88057004e-07  3.76180642e-07 -1.88057004e-07 -6.66349389e-11 
 3.00000000e+01  6.00000000e-01  6.00000000e-01  0.00000000e+00  6.00000000e-01  6.00000000e-01 -1.99044910e-07  3.98169633e-07 -1.99044910e-07 -7.98134753e-11 
 3.00000000e+01  6.10000000e-01  6.10000000e-01  0.00000000e+00  6.10000000e-01  6.10000000e-01 -2.10471593e-07  4.21038754e-07 -2.10471593e-07 -9.55673960e-11 
 3.00000000e+01  6.20000000e-01  6.20000000e-01  0.00000000e+00  6.20000000e-01  6.20000000e-01 -2.22349254e-07  4.44812903e-07 -2.22349254e-07 -1.14394792e-10 
 3.00000000e+01  6.30000000e-01  6.30000000e-01  0.00000000e+00  6.30000000e-01  6.30000000e-01 -2.34690380e-07  4.69517650e-07 -2.34690380e-07 -1.36889325e-10 
 3.00000000e+01  6.40000000e-01  6.40000000e-01  0.00000000e+00  6.40000000e-01  6.40000000e-01 -2.47507754e-07  4.95179267e-07 -2.47507754e-07 -1.63758389e-10 
 3.00000000e+01  6.50000000e-01  6.50000000e-01  0.00000000e+00  6.50000000e-01  6.50000000e-01 -2.60814457e-07  5.21824758e-07 -2.60814457e-07 -1.95844620e-10 
 3.00000000e+01  6.60000000e-01  6.60000000e-01  0.00000000e+00  6.60000000e-01  6.60000000e-01 -2.74623873e-07  5.49481898e-07 -2.74623873e-07 -2.34151655e-10 
 3.00000000e+01  6.70000000e-01  6.70000000e-01  0.00000000e+00  6.70000000e-01  6.70000000e-01 -2.88949700e-07  5.78179274e-07 -2.88949700e-07 -2.79874561e-10 
 3.00000000e+01  6.80000000e-01  6.80000000e-01  0.00000000e+00  6.80000000e-01  6.80000000e-01 -3.03805950e-07  6.07946337e-07 -3.03805950e-07 -3.34436045e-10 
 3.00000000e+01  6.90000000e-01  6.90000000e-01  0.00000000e+00  6.90000000e-01  6.90000000e-01 -3.19206960e-07  6.38813450e-07 -3.19206960e-07 -3.99529434e-10 
 3.00000000e+01  7.00000000e-01  7.00000000e-01  0.00000000e+00  7.00000000e-01  7.00000000e-01 -3.35167394e-07  6.70811957e-07 -3.35167394e-07 -4.77169575e-10 
 3.00000000e+01  7.10000000e-01  7.10000000e-01  0.00000000e+00  7.10000000e-01  7.10000000e-01 -3.51702252e-07  7.03974257e-07 -3.51702252e-07 -5.69753368e-10 
 3.00000000e+01  7.20000000e-01  7.20000000e-01  0.00000000e+00  7.20000000e-01  7.20000000e-01 -3.68826876e-07  7.38333883e-07 -3.68826876e-07 -6.80131357e-10 
 3.00000000e+01  7.30000000e-01  7.30000000e-01  0.00000000e+00  7.30000000e-01  7.30000000e-01 -3.86556957e-07  7.73925607e-07 -3.86556957e-07 -8.11692607e-10 
 3.00000000e+01  7.40000000e-01  7.40000000e-01  0.00000000e+00  7.40000000e-01  7.40000000e-01 -4.04908541e-07  8.10785547e-07 -4.04908541e-07 -9.68465195e-10 
 3.00000000e+01  7.50000000e-01  7.50000000e-01  0.00000000e+00  7.50000000e-01  7.50000000e-01 -4.23898036e-07  8.48951308e-07 -4.23898036e-07 -1.15523512e-09 
 3.00000000e+01  7.60000000e-01  7.60000000e-01  0.00000000e+00  7.60000000e-01  7.60000000e-01 -4.43542221e-07  8.88462130e-07 -4.43542221e-07 -1.37768687e-09 
 3.00000000e+01  7.70000000e-01  7.70000000e-01  0.00000000e+00  7.70000000e-01  7.70000000e-01 -4.63858251e-07  9.29359072e-07 -4.63858251e-07 -1.64256941e-09 
 3.00000000e+01  7.80000000e-01  7.80000000e-01  0.00000000e+00  7.80000000e-01  7.80000000e-01 -4.84863665e-07  9.71685223e-07 -4.84863665e-07 -1.95789215e-09 
 3.00000000e+01  7.90000000e-01  7.90000000e-01  0.00000000e+00  7.90000000e-01  7.90000000e-01 -5.06576396e-07  1.01548595e-06 -5.06576396e-07 -2.33315595e-09 
 3.00000000e+01  8.00000000e-01  8.00000000e-01  0.00000000e+00  8.00000000e-01  8.00000000e-01 -5.29014773e-07  1.06080917e-06 -5.29014773e-07 -2.77962511e-09 
 3.00000000e+01  8.10000000e-01  8.10000000e-01  0.00000000e+00  8.10000000e-01  8.10000000e-01 -5.52197537e-07  1.10770572e-06 -5.52197537e-07 -3.31064715e-09 
 3.00000000e+01  8.20000000e-01  8.20000000e-01  0.00000000e+00  8.20000000e-01  8.20000000e-01 -5.76143842e-07  1.15622971e-06 -5.76143842e-07 -3.94202836e-09 
 3.00000000e+01  8.30000000e-01  8.30000000e-01  0.00000000e+00  8.30000000e-01  8.30000000e-01 -6.00873269e-07  1.20643901e-06 -6.00873269e-07 -4.69247383e-09 
 3.00000000e+01  8.40000000e-01  8.40000000e-01  0.00000000e+00  8.40000000e-01  8.40000000e-01 -6.26405829e-07  1.25839576e-06 -6.26405829e-07 -5.58410245e-09 
 3.00000000e+01  8.50000000e-01  8.50000000e-01  0.00000000e+00  8.50000000e-01  8.50000000e-01 -6.52761974e-07  1.31216700e-06 -6.52761974e-07 -6.64304766e-09 
 3.00000000e+01  8.60000000e-01  8.60000000e-01  0.00000000e+00  8.60000000e-01  8.60000000e-01 -6.79962609e-07  1.36782538e-06 -6.79962609e-07 -7.90015732e-09 
 3.00000000e+01  8.70000000e-01  8.70000000e-01  0.00000000e+00  8.70000000e-01  8.70000000e-01 -7.08029096e-07  1.42545000e-06 -7.08029096e-07 -9.39180600e-09 
 3.00000000e+01  8.80000000e-01  8.80000000e-01  0.00000000e+00  8.80000000e-01  8.80000000e-01 -7.36983265e-07  1.48512736e-06 -7.36983265e-07 -1.11608353e-08 
 3.00000000e+01  8.90000000e-01  8.90000000e-01  0.00000000e+00  8.90000000e-01  8.90000000e-01 -7.66847423e-07  1.54695248e-06 -7.66847423e-07 -1.32576380e-08 
 3.00000000e+01  9.00000000e-01  9.00000000e-01  0.00000000e+00  9.00000000e-01  9.00000000e-01 -7.97644365e-07  1.61103013e-06 -7.97644365e-07 -1.57414032e-08 
 3.00000000e+01  9.10000000e-01  9.10000000e-01  0.00000000e+00  9.10000000e-01  9.10000000e-01 -8.29397382e-07  1.67747630e-06 -8.29397382e-07 -1.86815397e-08 
 3.00000000e+01  9.20000000e-01  9.20000000e-01  0.00000000e+00  9.20000000e-01  9.20000000e-01 -8.62130271e-07  1.74641984e-06 -8.62130271e-07 -2.21592937e-08 
 3.00000000e+01  9.30000000e-01  9.30000000e-01  0.00000000e+00  9.30000000e-01  9.30000000e-01 -8.95867344e-07  1.81800427e-06 -8.95867344e-07 -2.62695774e-08 
 3.00000000e+01  9.40000000e-01  9.40000000e-01  0.00000000e+00  9.40000000e-01  9.40000000e-01 -9.30633442e-07  1.89238990e-06 -9.30633442e-07 -3.11230208e-08 
 3.00000000e+01  9.50000000e-01  9.50000000e-01  0.00000000e+00  9.50000000e-01  9.50000000e-01 -9.66453939e-07  1.96975613e-06 -9.66453939e-07 -3.68482552e-08 
 3.00000000e+01  9.60000000e-01  9.60000000e-01  0.00000000e+00  9.60000000e-01  9.60000000e-01 -1.00335476e-06  2.05030395e-06 -1.00335476e-06 -4.35944327e-08 
 3.00000000e+01  9.70000000e-01  9.70000000e-01  0.00000000e+00  9.70000000e-01  9.70000000e-01 -1.04136238e-06  2.13425874e-06 -1.04136238e-06 -5.15339754e-08 
 3.00000000e+01  9.80000000e-01  9.80000000e-01  0.00000000e+00  9.80000000e-01  9.80000000e-01 -1.08050385e-06  2.22187325e-06 -1.08050385e-06 -6.08655395e-08 
 3.00000000e+01  9.90000000e-01  9.90000000e-01  0.00000000e+00  9.90000000e-01  9.90000000e-01 -1.12080681e-06  2.31343078e-06 -1.12080681e-06 -7.18171660e-08 
 3.00000000e+01  1.00000000e+00  1.00000000e+00  0.00000000e+00  1.00000000e+00  1.00000000e+00 -1.16229945e-06  2.40924848e-06 -1.16229945e-06 -8.46495736e-08 
 3.00000000e+01  1.01000000e+00  1.01000000e+00  0.00000000e+00  1.01000000e+00  1.01000000e+00 -1.20501062e-06  2.50968077e-06 -1.20501062e-06 -9.96595324e-08 
 3.00000000e+01  1.02000000e+00  1.02000000e+00  0.00000000e+00  1.02000000e+00  1.02000000e+00 -1.24896973e-06  2.61512270e-06 -1.24896973e-06 -1.17183239e-07 
 3.00000000e+01  1.03000000e+00  1.03000000e+00  0.00000000e+00  1.03000000e+00  1.03000000e+00 -1.29420684e-06  2.72601328e-06 -1.29420684e-06 -1.37599597e-07 
 3.00000000e+01  1.04000000e+00  1.04000000e+00  0.00000000e+00  1.04000000e+00  1.04000000e+00 -1.34075266e-06  2.84283860e-06 -1.34075266e-06 -1.61333282e-07 
 3.00000000e+01  1.05000000e+00  1.05000000e+00  0.00000000e+00  1.05000000e+00  1.05000000e+00 -1.38863851e-06  2.96613449e-06 -1.38863851e-06 -1.88857472e-07 
 3.00000000e+01  1.06000000e+00  1.06000000e+00  0.00000000e+00  1.06000000e+00  1.06000000e+00 -1.43789640e-06  3.09648891e-06 -1.43789640e-06 -2.20696108e-07 
 3.00000000e+01  1.07000000e+00  1.07000000e+00  0.00000000e+00  1.07000000e+00  1.07000000e+00 -1.48855901e-06  3.23454359e-06 -1.48855901e-06 -2.57425565e-07 
 3.00000000e+01  1.08000000e+00  1.08000000e+00  0.00000000e+00  1.08000000e+00  1.08000000e+00 -1.54065969e-06  3.38099500e-06 -1.54065969e-06 -2.99675611e-07 
 3.00000000e+01  1.09000000e+00  1.09000000e+00  0.00000000e+00  1.09000000e+00  1.09000000e+00 -1.59423251e-06  3.53659461e-06 -1.59423251e-06 -3.48129587e-07 
 3.00000000e+01  1.10000000e+00  1.10000000e+00  0.00000000e+00  1.10000000e+00  1.10000000e+00 -1.64931224e-06  3.70214825e-06 -1.64931224e-06 -4.03523777e-07 
 3.00000000e+01  1.11000000e+00  1.11000000e+00  0.00000000e+00  1.11000000e+00  1.11000000e+00 -1.70593436e-06  3.87851469e-06 -1.70593436e-06 -4.66645970e-07 
 3.00000000e+01  1.12000000e+00  1.12000000e+00  0.00000000e+00  1.12000000e+00  1.12000000e+00 -1.76413512e-06  4.06660354e-06 -1.76413512e-06 -5.38333307e-07 
 3.00000000e+01  1.13000000e+00  1.13000000e+00  0.00000000e+00  1.13000000e+00  1.13000000e+00 -1.82395149e-06  4.26737255e-06 -1.82395149e-06 -6.19469561e-07 
 3.00000000e+01  1.14000000e+00  1.14000000e+00  0.00000000e+00  1.14000000e+00  1.14000000e+00 -1.88542124e-06  4.48182451e-06 -1.88542124e-06 -7.10982028e-07 
 3.00000000e+01  1.15000000e+00  1.15000000e+00  0.00000000e+00  1.15000000e+00  1.15000000e+00 -1.94858290e-06  4.71100408e-06 -1.94858290e-06 -8.13838289e-07 
 3.00000000e+01  1.16000000e+00  1.16000000e+00  0.00000000e+00  1.16000000e+00  1.16000000e+00 -2.01347579e-06  4.95599468e-06 -2.01347579e-06 -9.29043097e-07 
 3.00000000e+01  1.17000000e+00  1.17000000e+00  0.00000000e+00  1.17000000e+00  1.17000000e+00 -2.08014006e-06  5.21791576e-06 -2.08014006e-06 -1.05763564e-06 
 3.00000000e+01  1.18000000e+00  1.18000000e+00  0.00000000e+00  1.18000000e+00  1.18000000e+00 -2.14861667e-06  5.49792081e-06 -2.14861667e-06 -1.20068746e-06 
 3.00000000e+01  1.19000000e+00  1.19000000e+00  0.00000000e+00  1.19000000e+00  1.19000000e+00 -2.21894744e-06  5.79719603e-06 -2.21894744e-06 -1.35930114e-06 
 3.00000000e+01  1.20000000e+00  1.20000000e+00  0.00000000e+00  1.20000000e+00  1.20000000e+00 -2.29117503e-06  6.11696007e-06 -2.29117503e-06 -1.53461000e-06 
