 3.00000000e+01  1.00000000e-02  1.00000000e-02  0.00000000e+00  1.00000000e-02  1.00000000e-02 -6.32153092e-11  1.26431447e-10 -6.32153092e-11 -8.28520195e-16 
 3.00000000e+01  2.00000000e-02  2.00000000e-02  0.00000000e+00  2.00000000e-02  2.00000000e-02 -1.16517676e-10  2.33037040e-10 -1.16517676e-10 -1.68794015e-15 
 3.00000000e+01  3.00000000e-02  3.00000000e-02  0.00000000e+00  3.00000000e-02  3.00000000e-02 -1.60280666e-10  3.20563910e-10 -1.60280666e-10 -2.57888329e-15 
 3.00000000e+01  4.00000000e-02  4.00000000e-02  0.00000000e+00  4.00000000e-02  4.00000000e-02 -1.94873124e-10  3.89749751e-10 -1.94873124e-10 -3.50262354e-15 
 3.00000000e+01  5.00000000e-02  5.00000000e-02  0.00000000e+00  5.00000000e-02  5.00000000e-02 -2.20661970e-10  4.41328402e-10 -2.20661970e-10 -4.46192562e-15 
 3.00000000e+01  6.00000000e-02  6.00000000e-02  0.00000000e+00  6.00000000e-02  6.00000000e-02 -2.38016454e-10  4.76038367e-10 -2.38016454e-10 -5.46025898e-15 
 3.00000000e+01  7.00000000e-02  7.00000000e-02  0.00000000e+00  7.00000000e-02  7.00000000e-02 -2.47314751e-10  4.94636003e-10 -2.47314751e-10 -6.50130991e-15 
 3.00000000e+01  8.00000000e-02  8.00000000e-02  0.00000000e+00  8.00000000e-02  8.00000000e-02 -2.48954304e-10  4.97916197e-10 -2.48954304e-10 -7.58984889e-15 
 3.00000000e+01  9.00000000e-02  9.00000000e-02  0.00000000e+00  9.00000000e-02  9.00000000e-02 -2.43368349e-10  4.86745431e-10 -2.43368349e-10 -8.73411586e-15 
 3.00000000e+01  1.00000000e-01  1.00000000e-01  0.00000000e+00  1.00000000e-01  1.00000000e-01 -2.31053043e-10  4.62116027e-10 -2.31053043e-10 -9.94170024e-15 
 3.00000000e+01  1.10000000e-01  1.10000000e-01  0.00000000e+00  1.10000000e-01  1.10000000e-01 -2.12614017e-10  4.25239259e-10 -2.12614017e-10 -1.12240946e-14 
 3.00000000e+01  1.20000000e-01  1.20000000e-01  0.00000000e+00  1.20000000e-01  1.20000000e-01 -1.88852923e-10  3.77718444e-10 -1.88852923e-10 -1.25992966e-14 
 3.00000000e+01  1.30000000e-01  1.30000000e-01  0.00000000e+00  1.30000000e-01  1.30000000e-01 -1.60953462e-10  3.21921004e-10 -1.60953462e-10 -1.40798831e-14 
 3.00000000e+01  1.40000000e-01  1.40000000e-01  0.00000000e+00  1.40000000e-01  1.40000000e-01 -1.30994332e-10  2.62004362e-10 -1.30994332e-10 -1.56966454e-14 
 3.00000000e+01  1.50000000e-01  1.50000000e-01  0.00000000e+00  1.50000000e-01  1.50000000e-01 -1.03991028e-10  2.07999533e-10 -1.03991028e-10 -1.74777727e-14 
 3.00000000e+01  1.60000000e-01  1.60000000e-01  0.00000000e+00  1.60000000e-01  1.60000000e-01 -9.80108402e-11  1.96041136e-10 -9.80108402e-11 -1.94553575e-14 
 3.00000000e+01  1.70000000e-01  1.70000000e-01  0.00000000e+00  1.70000000e-01  1.70000000e-01 -1.46098830e-10  2.92219340e-10 -1.46098830e-10 -2.16801403e-14 
 3.00000000e+01  1.80000000e-01  1.80000000e-01  0.00000000e+00  1.80000000e-01  1.80000000e-01 -2.37441227e-10  4.74906660e-10 -2.37441227e-10 -2.42063314e-14 
 3.00000000e+01  1.90000000e-01  1.90000000e-01  0.00000000e+00  1.90000000e-01  1.90000000e-01 -3.60411372e-10  7.20849845e-10 -3.60411372e-10 -2.71037533e-14 
 3.00000000e+01  2.00000000e-01  2.00000000e-01  0.00000000e+00  2.00000000e-01  2.00000000e-01 -5.17748828e-10  1.03552811e-09 -5.17748828e-10 -3.04548053e-14 
 3.00000000e+01  2.10000000e-01  2.10000000e-01  0.00000000e+00  2.10000000e-01  2.10000000e-01 -7.16592214e-10  1.43321879e-09 -7.16592214e-10 -3.43622700e-14 
 3.00000000e+01  2.20000000e-01  2.20000000e-01  0.00000000e+00  2.20000000e-01  2.20000000e-01 -9.65713463e-10  1.93146588e-09 -9.65713463e-10 -3.89532157e-14 
 3.00000000e+01  2.30000000e-01  2.30000000e-01  0.00000000e+00  2.30000000e-01  2.30000000e-01 -1.27408733e-09  2.54821903e-09 -1.27408733e-09 -4.43820328e-14 
 3.00000000e+01  2.40000000e-01  2.40000000e-01  0.00000000e+00  2.40000000e-01  2.40000000e-01 -1.64959101e-09  3.29923284e-09 -1.64959101e-09 -5.08291326e-14 
 3.00000000e+01  2.50000000e-01  2.50000000e-01  0.00000000e+00  2.50000000e-01  2.50000000e-01 -2.09800236e-09  4.19606323e-09 -2.09800236e-09 -5.85226312e-14 
 3.00000000e+01  2.60000000e-01  2.60000000e-01  0.00000000e+00  2.60000000e-01  2.60000000e-01 -2.62262752e-09  5.24532278e-09 -2.62262753e-09 -6.77279413e-14 
 3.00000000e+01  2.70000000e-01  2.70000000e-01  0.00000000e+00  2.70000000e-01  2.70000000e-01 -3.22462155e-09  6.44932189e-09 -3.22462155e-09 -7.87859361e-14 
 3.00000000e+01  2.80000000e-01  2.80000000e-01  0.00000000e+00  2.80000000e-01  2.80000000e-01 -3.90373990e-09  7.80757190e-09 -3.90373990e-09 -9.20912652e-14 
 3.00000000e+01  2.90000000e-01  2.90000000e-01  0.00000000e+00  2.90000000e-01  2.90000000e-01 -4.65915114e-09  9.31841041e-09 -4.65915114e-09 -1.08138325e-13 
 3.00000000e+01  3.00000000e-01  3.00000000e-01  0.00000000e+00  3.00000000e-01  3.00000000e-01 -5.49005866e-09  1.09802448e-08 -5.49005866e-09 -1.27498706e-13 
 3.00000000e+01  3.10000000e-01  3.10000000e-01  0.00000000e+00  3.10000000e-01  3.10000000e-01 -6.39605959e-09  1.27922701e-08 -6.39605959e-09 -1.50890585e-13 
 3.00000000e+01  3.20000000e-01  3.20000000e-01  0.00000000e+00  3.20000000e-01  3.20000000e-01 -7.37728614e-09  1.47547514e-08 -7.37728614e-09 -1.79159639e-13 
 3.00000000e+01  3.30000000e-01  3.30000000e-01  0.00000000e+00  3.30000000e-01  3.30000000e-01 -8.43441059e-09  1.68690345e-08 -8.43441059e-09 -2.13334558e-13 
 3.00000000e+01  3.40000000e-01  3.40000000e-01  0.00000000e+00  3.40000000e-01  3.40000000e-01 -9.56858386e-09  1.91374224e-08 -9.56858386e-09 -2.54664345e-13 
 3.00000000e+01  3.50000000e-01  3.50000000e-01  0.00000000e+00  3.50000000e-01  3.50000000e-01 -1.07813525e-08  2.15630096e-08 -1.07813525e-08 -3.04622647e-13 
 3.00000000e+01  3.60000000e-01  3.60000000e-01  0.00000000e+00  3.60000000e-01  3.60000000e-01 -1.20745781e-08  2.41495213e-08 -1.20745781e-08 -3.65003167e-13 
 3.00000000e+01  3.70000000e-01  3.70000000e-01  0.00000000e+00  3.70000000e-01  3.70000000e-01 -1.34503695e-08  2.69011769e-08 -1.34503695e-08 -4.37955228e-13 
 3.00000000e+01  3.80000000e-01  3.80000000e-01  0.00000000e+00  3.80000000e-01  3.80000000e-01 -1.49110288e-08  2.98225837e-08 -1.49110288e-08 -5.26058364e-13 
 3.00000000e+01  3.90000000e-01  3.90000000e-01  0.00000000e+00  3.90000000e-01  3.90000000e-01 -1.64590124e-08  3.29186571e-08 -1.64590124e-08 -6.32405586e-13 
 3.00000000e+01  4.00000000e-01  4.00000000e-01  0.00000000e+00  4.00000000e-01  4.00000000e-01 -1.80969021e-08  3.61945649e-08 -1.80969021e-08 -7.60710939e-13 
 3.00000000e+01  4.10000000e-01  4.10000000e-01  0.00000000e+00  4.10000000e-01  4.10000000e-01 -1.98273863e-08  3.96556880e-08 -1.98273863e-08 -9.15401435e-13 
 3.00000000e+01  4.20000000e-01  4.20000000e-01  0.00000000e+00  4.20000000e-01  4.20000000e-01 -2.16532467e-08  4.33075951e-08 -2.16532467e-08 -1.10181655e-12 
 3.00000000e+01  4.30000000e-01  4.30000000e-01  0.00000000e+00  4.30000000e-01  4.30000000e-01 -2.35773502e-08  4.71560268e-08 -2.35773502e-08 -1.32633834e-12 
 3.00000000e+01  4.40000000e-01  4.40000000e-01  0.00000000e+00  4.40000000e-01  4.40000000e-01 -2.56026450e-08  5.12068866e-08 -2.56026450e-08 -1.59658571e-12 
 3.00000000e+01  4.50000000e-01  4.50000000e-01  0.00000000e+00  4.50000000e-01  4.50000000e-01 -2.77321574e-08  5.54662365e-08 -2.77321574e-08 -1.92171626e-12 
 3.00000000e+01  4.60000000e-01  4.60000000e-01  0.00000000e+00  4.60000000e-01  4.60000000e-01 -2.99689918e-08  5.99402961e-08 -2.99689918e-08 -2.31263966e-12 
 3.00000000e+01  4.70000000e-01  4.70000000e-01  0.00000000e+00  4.70000000e-01  4.70000000e-01 -3.23163307e-08  6.46354438e-08 -3.23163307e-08 -2.78246003e-12 
 3.00000000e+01  4.80000000e-01  4.80000000e-01  0.00000000e+00  4.80000000e-01  4.80000000e-01 -3.47774360e-08  6.95582188e-08 -3.47774360e-08 -3.34680027e-12 
 3.00000000e+01  4.90000000e-01  4.90000000e-01  0.00000000e+00  4.90000000e-01  4.90000000e-01 -3.73556504e-08  7.47153252e-08 -3.73556504e-08 -4.02433642e-12 
 3.00000000e+01  5.00000000e-01  5.00000000e-01  0.00000000e+00  5.00000000e-01  5.00000000e-01 -4.00543992e-08  8.01136358e-08 -4.00543992e-08 -4.83741519e-12 
 3.00000000e+01  5.10000000e-01  5.10000000e-01  0.00000000e+00  5.10000000e-01  5.10000000e-01 -4.28771919e-08  8.57601966e-08 -4.28771919e-08 -5.81274612e-12 
 3.00000000e+01  5.20000000e-01  5.20000000e-01  0.00000000e+00  5.20000000e-01  5.20000000e-01 -4.58276245e-08  9.16622312e-08 -4.58276245e-08 -6.98220474e-12 
 3.00000000e+01  5.30000000e-01  5.30000000e-01  0.00000000e+00  5.30000000e-01  5.30000000e-01 -4.89093813e-08  9.78271464e-08 -4.89093813e-08 -8.38385958e-12 
 3.00000000e+01  5.40000000e-01  5.40000000e-01  0.00000000e+00  5.40000000e-01  5.40000000e-01 -5.21262366e-08  1.04262536e-07 -5.21262366e-08 -1.00631916e-11 
 3.00000000e+01  5.50000000e-01  5.50000000e-01  0.00000000e+00  5.50000000e-01  5.50000000e-01 -5.54820573e-08  1.10976189e-07 -5.54820573e-08 -1.20744803e-11 
 3.00000000e+01  5.60000000e-01  5.60000000e-01  0.00000000e+00  5.60000000e-01  5.60000000e-01 -5.89808041e-08  1.17976091e-07 -5.89808041e-08 -1.44825124e-11 
 3.00000000e+01  5.70000000e-01  5.70000000e-01  0.00000000e+00  5.70000000e-01  5.70000000e-01 -6.26265339e-08  1.25270432e-07 -6.26265339e-08 -1.73645855e-11 
 3.00000000e+01  5.80000000e-01  5.80000000e-01  0.00000000e+00  5.80000000e-01  5.80000000e-01 -6.64234017e-08  1.32867616e-07 -6.64234017e-08 -2.08129226e-11 
 3.00000000e+01  5.90000000e-01  5.90000000e-01  0.00000000e+00  5.90000000e-01  5.90000000e-01 -7.03756623e-08  1.40776262e-07 -7.03756623e-08 -2.49375364e-11 
 3.00000000e+01  6.00000000e-01  6.00000000e-01  0.00000000e+00  6.00000000e-01  6.00000000e-01 -7.44876724e-08  1.49005214e-07 -7.44876724e-08 -2.98695877e-11 
 3.00000000e+01  6.10000000e-01  6.10000000e-01  0.00000000e+00  6.10000000e-01  6.10000000e-01 -7.87638924e-08  1.57563550e-07 -7.87638924e-08 -3.57654965e-11 
 3.00000000e+01  6.20000000e-01  6.20000000e-01  0.00000000e+00  6.20000000e-01  6.20000000e-01 -8.32088888e-08  1.66460589e-07 -8.32088888e-08 -4.28117021e-11 
 3.00000000e+01  6.30000000e-01  6.30000000e-01  0.00000000e+00  6.30000000e-01  6.30000000e-01 -8.78273359e-08  1.75705902e-07 -8.78273359e-08 -5.12303810e-11 
 3.00000000e+01  6.40000000e-01  6.40000000e-01  0.00000000e+00  6.40000000e-01  6.40000000e-01 -9.26240176e-08  1.85309322e-07 -9.26240176e-08 -6.12862764e-11 
 3.00000000e+01  6.50000000e-01  6.50000000e-01  0.00000000e+00  6.50000000e-01  6.50000000e-01 -9.76038302e-08  1.95280955e-07 -9.76038302e-08 -7.32948008e-11 
 3.00000000e+01  6.60000000e-01  6.60000000e-01  0.00000000e+00  6.60000000e-01  6.60000000e-01 -1.02771784e-07  2.05631199e-07 -1.02771784e-07 -8.76315843e-11 
 3.00000000e+01  6.70000000e-01  6.70000000e-01  0.00000000e+00  6.70000000e-01  6.70000000e-01 -1.08133005e-07  2.16370754e-07 -1.08133005e-07 -1.04743927e-10 
 3.00000000e+01  6.80000000e-01  6.80000000e-01  0.00000000e+00  6.80000000e-01  6.80000000e-01 -1.13692739e-07  2.27510642e-07 -1.13692739e-07 -1.25164323e-10 
 3.00000000e+01  6.90000000e-01  6.90000000e-01  0.00000000e+00  6.90000000e-01  6.90000000e-01 -1.19456351e-07  2.39062229e-07 -1.19456351e-07 -1.49526572e-10 
 3.00000000e+01  7.00000000e-01  7.00000000e-01  0.00000000e+00  7.00000000e-01  7.00000000e-01 -1.25429332e-07  2.51037248e-07 -1.25429332e-07 -1.78584814e-10 
 3.00000000e+01  7.10000000e-01  7.10000000e-01  0.00000000e+00  7.10000000e-01  7.10000000e-01 -1.31617295e-07  2.63447825e-07 -1.31617295e-07 -2.13236205e-10 
 3.00000000e+01  7.20000000e-01  7.20000000e-01  0.00000000e+00  7.20000000e-01  7.20000000e-01 -1.38025983e-07  2.76306513e-07 -1.38025983e-07 -2.54547720e-10 
 3.00000000e+01  7.30000000e-01  7.30000000e-01  0.00000000e+00  7.30000000e-01  7.30000000e-01 -1.44661270e-07  2.89626327e-07 -1.44661270e-07 -3.03787868e-10 
 3.00000000e+01  7.40000000e-01  7.40000000e-01  0.00000000e+00  7.40000000e-01  7.40000000e-01 -1.51529161e-07  3.03420787e-07 -1.51529161e-07 -3.62464397e-10 
 3.00000000e+01  7.50000000e-01  7.50000000e-01  0.00000000e+00  7.50000000e-01  7.50000000e-01 -1.58635800e-07  3.17703970e-07 -1.58635800e-07 -4.32368792e-10 
 3.00000000e+01  7.60000000e-01  7.60000000e-01  0.00000000e+00  7.60000000e-01  7.60000000e-01 -1.65987467e-07  3.32490563e-07 -1.65987467e-07 -5.15628793e-10 
 3.00000000e+01  7.70000000e-01  7.70000000e-01  0.00000000e+00  7.70000000e-01  7.70000000e-01 -1.73590584e-07  3.47795938e-07 -1.73590584e-07 -6.14770675e-10 
 3.00000000e+01  7.80000000e-01  7.80000000e-01  0.00000000e+00  7.80000000e-01  7.80000000e-01 -1.81451715e-07  3.63636224e-07 -1.81451715e-07 -7.32792542e-10 
 3.00000000e+01  7.90000000e-01  7.90000000e-01  0.00000000e+00  7.90000000e-01  7.90000000e-01 -1.89577575e-07  3.80028401e-07 -1.89577575e-07 -8.73250829e-10 
 3.00000000e+01  8.00000000e-01  8.00000000e-01  0.00000000e+00  8.00000000e-01  8.00000000e-01 -1.97975025e-07  3.96990412e-07 -1.97975025e-07 -1.04036208e-09 
 3.00000000e+01  8.10000000e-01  8.10000000e-01  0.00000000e+00  8.10000000e-01  8.10000000e-01 -2.06651080e-07  4.14541284e-07 -2.06651080e-07 -1.23912275e-09 
 3.00000000e+01  8.20000000e-01  8.20000000e-01  0.00000000e+00  8.20000000e-01  8.20000000e-01 -2.15612912e-07  4.32701274e-07 -2.15612912e-07 -1.47544978e-09 
 3.00000000e+01  8.30000000e-01  8.30000000e-01  0.00000000e+00  8.30000000e-01  8.30000000e-01 -2.24867850e-07  4.51492045e-07 -2.24867850e-07 -1.75634526e-09 
 3.00000000e+01  8.40000000e-01  8.40000000e-01  0.00000000e+00  8.40000000e-01  8.40000000e-01 -2.34423386e-07  4.70936862e-07 -2.34423386e-07 -2.09008941e-09 
 3.00000000e+01  8.50000000e-01  8.50000000e-01  0.00000000e+00  8.50000000e-01  8.50000000e-01 -2.44287178e-07  4.91060821e-07 -2.44287178e-07 -2.48646536e-09 
 3.00000000e+01  8.60000000e-01  8.60000000e-01  0.00000000e+00  8.60000000e-01  8.60000000e-01 -2.54467051e-07  5.11891123e-07 -2.54467051e-07 -2.95702128e-09 
 3.00000000e+01  8.70000000e-01  8.70000000e-01  0.00000000e+00  8.70000000e-01  8.70000000e-01 -2.64971004e-07  5.33457382e-07 -2.64971004e-07 -3.51537450e-09 
 3.00000000e+01  8.80000000e-01  8.80000000e-01  0.00000000e+00  8.80000000e-01  8.80000000e-01 -2.75807209e-07  5.55791982e-07 -2.75807209e-07 -4.17756358e-09 
 3.00000000e+01  8.90000000e-01  8.90000000e-01  0.00000000e+00  8.90000000e-01  8.90000000e-01 -2.86984020e-07  5.78930494e-07 -2.86984020e-07 -4.96245429e-09 
 3.00000000e+01  9.00000000e-01  9.00000000e-01  0.00000000e+00  9.00000000e-01  9.00000000e-01 -2.98509971e-07  6.02912148e-07 -2.98509971e-07 -5.89220595e-09 
 3.00000000e+01  9.10000000e-01  9.10000000e-01  0.00000000e+00  9.10000000e-01  9.10000000e-01 -3.10393784e-07  6.27780372e-07 -3.10393784e-07 -6.99280416e-09 
 3.00000000e+01  9.20000000e-01  9.20000000e-01  0.00000000e+00  9.20000000e-01  9.20000000e-01 -3.22644369e-07  6.53583405e-07 -3.22644369e-07 -8.29466696e-09 
 3.00000000e+01  9.30000000e-01  9.30000000e-01  0.00000000e+00  9.30000000e-01  9.30000000e-01 -3.35270831e-07  6.80374991e-07 -3.35270831e-07 -9.83332938e-09 
 3.00000000e+01  9.40000000e-01  9.40000000e-01  0.00000000e+00  9.40000000e-01  9.40000000e-01 -3.48282472e-07  7.08215156e-07 -3.48282472e-07 -1.16502118e-08 
 3.00000000e+01  9.50000000e-01  9.50000000e-01  0.00000000e+00  9.50000000e-01  9.50000000e-01 -3.61688796e-07  7.37171068e-07 -3.61688796e-07 -1.37934755e-08 
 3.00000000e+01  9.60000000e-01  9.60000000e-01  0.00000000e+00  9.60000000e-01  9.60000000e-01 -3.75499512e-07  7.67317990e-07 -3.75499512e-07 -1.63189658e-08 
 3.00000000e+01  9.70000000e-01  9.70000000e-01  0.00000000e+00  9.70000000e-01  9.70000000e-01 -3.89724539e-07  7.98740319e-07 -3.89724539e-07 -1.92912421e-08 
 3.00000000e+01  9.80000000e-01  9.80000000e-01  0.00000000e+00  9.80000000e-01  9.80000000e-01 -4.04374007e-07  8.31532703e-07 -4.04374007e-07 -2.27846883e-08 
 3.00000000e+01  9.90000000e-01  9.90000000e-01  0.00000000e+00  9.90000000e-01  9.90000000e-01 -4.19458268e-07  8.65801230e-07 -4.19458268e-07 -2.68846926e-08 
 3.00000000e+01  1.00000000e+00  1.00000000e+00  0.00000000e+00  1.00000000e+00  1.00000000e+00 -4.34987894e-07  9.01664670e-07 -4.34987894e-07 -3.16888814e-08 
 3.00000000e+01  1.01000000e+00  1.01000000e+00  0.00000000e+00  1.01000000e+00  1.01000000e+00 -4.50973683e-07  9.39255749e-07 -4.50973683e-07 -3.73083835e-08 
 3.00000000e+01  1.02000000e+00  1.02000000e+00  0.00000000e+00  1.02000000e+00  1.02000000e+00 -4.67426664e-07  9.78722423e-07 -4.67426664e-07 -4.38690945e-08 
 3.00000000e+01  1.03000000e+00  1.03000000e+00  0.00000000e+00  1.03000000e+00  1.03000000e+00 -4.84358103e-07  1.02022911e-06 -4.84358103e-07 -5.15129062e-08 
 3.00000000e+01  1.04000000e+00  1.04000000e+00  0.00000000e+00  1.04000000e+00  1.04000000e+00 -5.01779506e-07  1.06395787e-06 -5.01779506e-07 -6.03988561e-08 
 3.00000000e+01  1.05000000e+00  1.05000000e+00  0.00000000e+00  1.05000000e+00  1.05000000e+00 -5.19702621e-07  1.11010939e-06 -5.19702621e-07 -7.07041514e-08 
 3.00000000e+01  1.06000000e+00  1.06000000e+00  0.00000000e+00  1.06000000e+00  1.06000000e+00 -5.38139448e-07  1.15890391e-06 -5.38139448e-07 -8.26250176e-08 
 3.00000000e+01  1.07000000e+00  1.07000000e+00  0.00000000e+00  1.07000000e+00  1.07000000e+00 -5.57102243e-07  1.21058181e-06 -5.57102243e-07 -9.63773248e-08 
 3.00000000e+01  1.08000000e+00  1.08000000e+00  0.00000000e+00  1.08000000e+00  1.08000000e+00 -5.76603517e-07  1.26540399e-06 -5.76603517e-07 -1.12196952e-07 
 3.00000000e+01  1.09000000e+00  1.09000000e+00  0.00000000e+00  1.09000000e+00  1.09000000e+00 -5.96656050e-07  1.32365195e-06 -5.96656050e-07 -1.30339855e-07 
 3.00000000e+01  1.10000000e+00  1.10000000e+00  0.00000000e+00  1.10000000e+00  1.10000000e+00 -6.17272888e-07  1.38562761e-06 -6.17272888e-07 -1.51081837e-07 
 3.00000000e+01  1.11000000e+00  1.11000000e+00  0.00000000e+00  1.11000000e+00  1.11000000e+00 -6.38467355e-07  1.45165272e-06 -6.38467355e-07 -1.74718010e-07 
 3.00000000e+01  1.12000000e+00  1.12000000e+00  0.00000000e+00  1.12000000e+00  1.12000000e+00 -6.60253053e-07  1.52206810e-06 -6.60253053e-07 -2.01561999e-07 
 3.00000000e+01  1.13000000e+00  1.13000000e+00  0.00000000e+00  1.13000000e+00  1.13000000e+00 -6.82643870e-07  1.59723266e-06 -6.82643870e-07 -2.31944920e-07 
 3.00000000e+01  1.14000000e+00  1.14000000e+00  0.00000000e+00  1.14000000e+00  1.14000000e+00 -7.05653987e-07  1.67752221e-06 -7.05653987e-07 -2.66214230e-07 
 3.00000000e+01  1.15000000e+00  1.15000000e+00  0.00000000e+00  1.15000000e+00  1.15000000e+00 -7.29297880e-07  1.76332828e-06 -7.29297880e-07 -3.04732518e-07 
 3.00000000e+01  1.16000000e+00  1.16000000e+00  0.00000000e+00  1.16000000e+00  1.16000000e+00 -7.53590329e-07  1.85505700e-06 -7.53590329e-07 -3.47876341e-07 
 3.00000000e+01  1.17000000e+00  1.17000000e+00  0.00000000e+00  1.17000000e+00  1.17000000e+00 -7.78546421e-07  1.95312806e-06 -7.78546421e-07 -3.96035218e-07 
 3.00000000e+01  1.18000000e+00  1.18000000e+00  0.00000000e+00  1.18000000e+00  1.18000000e+00 -8.04181558e-07  2.05797396e-06 -8.04181558e-07 -4.49610847e-07 
 3.00000000e+01  1.19000000e+00  1.19000000e+00  0.00000000e+00  1.19000000e+00  1.19000000e+00 -8.30511464e-07  2.17003956e-06 -8.30511464e-07 -5.09016631e-07 
 3.00000000e+01  1.20000000e+00  1.20000000e+00  0.00000000e+00  1.20000000e+00  1.20000000e+00 -8.57552187e-07  2.28978195e-06 -8.57552187e-07 -5.74677576e-07 
