 3.00000000e+01  1.00000000e-02 -1.00000000e-02  0.00000000e+00  0.00000000e+00  0.00000000e+00  3.76129929e-08 -9.80879325e-11 -3.75149017e-08 -3.17985719e-15 
 3.00000000e+01  2.00000000e-02 -2.00000000e-02  0.00000000e+00  0.00000000e+00  0.00000000e+00  6.75556485e-08 -2.10432675e-10 -6.73452105e-08 -5.35038067e-15 
 3.00000000e+01  3.00000000e-02 -3.00000000e-02  0.00000000e+00  0.00000000e+00  0.00000000e+00  9.04631999e-08 -3.37562187e-10 -9.01256309e-08 -6.83227570e-15 
 3.00000000e+01  4.00000000e-02 -4.00000000e-02  0.00000000e+00  0.00000000e+00  0.00000000e+00  1.07424201e-07 -4.80017708e-10 -1.06944175e-07 -7.84507338e-15 
 3.00000000e+01  5.00000000e-02 -5.00000000e-02  0.00000000e+00  0.00000000e+00  0.00000000e+00  1.19866787e-07 -6.38354190e-10 -1.19228425e-07 -8.53842186e-15 
 3.00000000e+01  6.00000000e-02 -6.00000000e-02  0.00000000e+00  0.00000000e+00  0.00000000e+00  1.29233357e-07 -8.13140687e-10 -1.28420208e-07 -9.01426654e-15 
 3.00000000e+01  7.00000000e-02 -7.00000000e-02  0.00000000e+00  0.00000000e+00  0.00000000e+00  1.36678638e-07 -1.00496073e-09 -1.35673668e-07 -9.34203592e-15 
 3.00000000e+01  8.00000000e-02 -8.00000000e-02  0.00000000e+00  0.00000000e+00  0.00000000e+00  1.42982731e-07 -1.21441271e-09 -1.41768308e-07 -9.56902736e-15 
 3.00000000e+01  9.00000000e-02 -9.00000000e-02  0.00000000e+00  0.00000000e+00  0.00000000e+00  1.48624508e-07 -1.44211022e-09 -1.47182388e-07 -9.72747925e-15 
 3.00000000e+01  1.00000000e-01 -1.00000000e-01  0.00000000e+00  0.00000000e+00  0.00000000e+00  1.53887950e-07 -1.68868242e-09 -1.52199258e-07 -9.83937562e-15 
 3.00000000e+01  1.10000000e-01 -1.10000000e-01  0.00000000e+00  0.00000000e+00  0.00000000e+00  1.58942323e-07 -1.95477444e-09 -1.56987538e-07 -9.91971238e-15 
 3.00000000e+01  1.20000000e-01 -1.20000000e-01  0.00000000e+00  0.00000000e+00  0.00000000e+00  1.63891230e-07 -2.24104768e-09 -1.61650173e-07 -9.97872090e-15 
 3.00000000e+01  1.30000000e-01 -1.30000000e-01  0.00000000e+00  0.00000000e+00  0.00000000e+00  1.68800460e-07 -2.54818026e-09 -1.66252270e-07 -1.00233836e-14 
 3.00000000e+01  1.40000000e-01 -1.40000000e-01  0.00000000e+00  0.00000000e+00  0.00000000e+00  1.73713517e-07 -2.87686732e-09 -1.70836640e-07 -1.00584671e-14 
 3.00000000e+01  1.50000000e-01 -1.50000000e-01  0.00000000e+00  0.00000000e+00  0.00000000e+00  1.78660395e-07 -3.22782145e-09 -1.75432564e-07 -1.00872275e-14 
 3.00000000e+01  1.60000000e-01 -1.60000000e-01  0.00000000e+00  0.00000000e+00  0.00000000e+00  1.83662642e-07 -3.60177305e-09 -1.80060859e-07 -1.01118906e-14 
 3.00000000e+01  1.70000000e-01 -1.70000000e-01  0.00000000e+00  0.00000000e+00  0.00000000e+00  1.88736370e-07 -3.99947075e-09 -1.84736889e-07 -1.01339801e-14 
 3.00000000e+01  1.80000000e-01 -1.80000000e-01  0.00000000e+00  0.00000000e+00  0.00000000e+00  1.93894094e-07 -4.42168178e-09 -1.89472402e-07 -1.01545411e-14 
 3.00000000e+01  1.90000000e-01 -1.90000000e-01  0.00000000e+00  0.00000000e+00  0.00000000e+00  1.99145900e-07 -4.86919240e-09 -1.94276698e-07 -1.01742926e-14 
 3.00000000e+01  2.00000000e-01 -2.00000000e-01  0.00000000e+00  0.00000000e+00  0.00000000e+00  2.04500187e-07 -5.34280830e-09 -1.99157369e-07 -1.01937315e-14 
 3.00000000e+01  2.10000000e-01 -2.10000000e-01  0.00000000e+00  0.00000000e+00  0.00000000e+00  2.09964170e-07 -5.84335504e-09 -2.04120805e-07 -1.02132036e-14 
 3.00000000e+01  2.20000000e-01 -2.20000000e-01  0.00000000e+00  0.00000000e+00  0.00000000e+00  2.15544216e-07 -6.37167843e-09 -2.09172527e-07 -1.02329518e-14 
 3.00000000e+01  2.30000000e-01 -2.30000000e-01  0.00000000e+00  0.00000000e+00  0.00000000e+00  2.21246081e-07 -6.92864506e-09 -2.14317425e-07 -1.02531492e-14 
 3.00000000e+01  2.40000000e-01 -2.40000000e-01  0.00000000e+00  0.00000000e+00  0.00000000e+00  2.27075076e-07 -7.51514263e-09 -2.19559923e-07 -1.02739215e-14 
 3.00000000e+01  2.50000000e-01 -2.50000000e-01  0.00000000e+00  0.00000000e+00  0.00000000e+00  2.33036188e-07 -8.13208052e-09 -2.24904097e-07 -1.02953625e-14 
 3.00000000e+01  2.60000000e-01 -2.60000000e-01  0.00000000e+00  0.00000000e+00  0.00000000e+00  2.39134167e-07 -8.78039015e-09 -2.30353766e-07 -1.03175442e-14 
 3.00000000e+01  2.70000000e-01 -2.70000000e-01  0.00000000e+00  0.00000000e+00  0.00000000e+00  2.45373591e-07 -9.46102555e-09 -2.35912555e-07 -1.03405243e-14 
 3.00000000e+01  2.80000000e-01 -2.80000000e-01  0.00000000e+00  0.00000000e+00  0.00000000e+00  2.51758921e-07 -1.01749638e-08 -2.41583947e-07 -1.03643508e-14 
 3.00000000e+01  2.90000000e-01 -2.90000000e-01  0.00000000e+00  0.00000000e+00  0.00000000e+00  2.58294535e-07 -1.09232053e-08 -2.47371319e-07 -1.03890654e-14 
 3.00000000e+01  3.00000000e-01 -3.00000000e-01  0.00000000e+00  0.00000000e+00  0.00000000e+00  2.64984758e-07 -1.17067749e-08 -2.53277972e-07 -1.04147060e-14 
 3.00000000e+01  3.10000000e-01 -3.10000000e-01  0.00000000e+00  0.00000000e+00  0.00000000e+00  2.71833888e-07 -1.25267217e-08 -2.59307156e-07 -1.04413077e-14 
 3.00000000e+01  3.20000000e-01 -3.20000000e-01  0.00000000e+00  0.00000000e+00  0.00000000e+00  2.78846216e-07 -1.33841198e-08 -2.65462085e-07 -1.04689044e-14 
 3.00000000e+01  3.30000000e-01 -3.30000000e-01  0.00000000e+00  0.00000000e+00  0.00000000e+00  2.86026037e-07 -1.42800692e-08 -2.71745957e-07 -1.04975293e-14 
 3.00000000e+01  3.40000000e-01 -3.40000000e-01  0.00000000e+00  0.00000000e+00  0.00000000e+00  2.93377667e-07 -1.52156957e-08 -2.78161961e-07 -1.05272154e-14 
 3.00000000e+01  3.50000000e-01 -3.50000000e-01  0.00000000e+00  0.00000000e+00  0.00000000e+00  3.00905452e-07 -1.61921520e-08 -2.84713290e-07 -1.05579956e-14 
 3.00000000e+01  3.60000000e-01 -3.60000000e-01  0.00000000e+00  0.00000000e+00  0.00000000e+00  3.08613778e-07 -1.72106180e-08 -2.91403150e-07 -1.05899037e-14 
 3.00000000e+01  3.70000000e-01 -3.70000000e-01  0.00000000e+00  0.00000000e+00  0.00000000e+00  3.16507076e-07 -1.82723013e-08 -2.98234764e-07 -1.06229736e-14 
 3.00000000e+01  3.80000000e-01 -3.80000000e-01  0.00000000e+00  0.00000000e+00  0.00000000e+00  3.24589831e-07 -1.93784381e-08 -3.05211383e-07 -1.06572401e-14 
 3.00000000e+01  3.90000000e-01 -3.90000000e-01  0.00000000e+00  0.00000000e+00  0.00000000e+00  3.32866587e-07 -2.05302935e-08 -3.12336283e-07 -1.06927388e-14 
 3.00000000e+01  4.00000000e-01 -4.00000000e-01  0.00000000e+00  0.00000000e+00  0.00000000e+00  3.41341953e-07 -2.17291622e-08 -3.19612780e-07 -1.07295059e-14 
 3.00000000e+01  4.10000000e-01 -4.10000000e-01  0.00000000e+00  0.00000000e+00  0.00000000e+00  3.50020605e-07 -2.29763692e-08 -3.27044225e-07 -1.07675789e-14 
 3.00000000e+01  4.20000000e-01 -4.20000000e-01  0.00000000e+00  0.00000000e+00  0.00000000e+00  3.58907294e-07 -2.42732701e-08 -3.34634013e-07 -1.08069958e-14 
 3.00000000e+01  4.30000000e-01 -4.30000000e-01  0.00000000e+00  0.00000000e+00  0.00000000e+00  3.68006846e-07 -2.56212523e-08 -3.42385583e-07 -1.08477959e-14 
 3.00000000e+01  4.40000000e-01 -4.40000000e-01  0.00000000e+00  0.00000000e+00  0.00000000e+00  3.77324167e-07 -2.70217352e-08 -3.50302421e-07 -1.08900193e-14 
 3.00000000e+01  4.50000000e-01 -4.50000000e-01  0.00000000e+00  0.00000000e+00  0.00000000e+00  3.86864249e-07 -2.84761710e-08 -3.58388067e-07 -1.09337072e-14 
 3.00000000e+01  4.60000000e-01 -4.60000000e-01  0.00000000e+00  0.00000000e+00  0.00000000e+00  3.96632168e-07 -2.99860455e-08 -3.66646111e-07 -1.09789019e-14 
 3.00000000e+01  4.70000000e-01 -4.70000000e-01  0.00000000e+00  0.00000000e+00  0.00000000e+00  4.06633090e-07 -3.15528786e-08 -3.75080200e-07 -1.10256466e-14 
 3.00000000e+01  4.80000000e-01 -4.80000000e-01  0.00000000e+00  0.00000000e+00  0.00000000e+00  4.16872273e-07 -3.31782251e-08 -3.83694037e-07 -1.10739859e-14 
 3.00000000e+01  4.90000000e-01 -4.90000000e-01  0.00000000e+00  0.00000000e+00  0.00000000e+00  4.27355071e-07 -3.48636755e-08 -3.92491384e-07 -1.11239652e-14 
 3.00000000e+01  5.00000000e-01 -5.00000000e-01  0.00000000e+00  0.00000000e+00  0.00000000e+00  4.38086934e-07 -3.66108565e-08 -4.01476067e-07 -1.11756313e-14 
 3.00000000e+01  5.10000000e-01 -5.10000000e-01  0.00000000e+00  0.00000000e+00  0.00000000e+00  4.49073414e-07 -3.84214320e-08 -4.10651971e-07 -1.12290321e-14 
 3.00000000e+01  5.20000000e-01 -5.20000000e-01  0.00000000e+00  0.00000000e+00  0.00000000e+00  4.60320164e-07 -4.02971038e-08 -4.20023049e-07 -1.12842166e-14 
 3.00000000e+01  5.30000000e-01 -5.30000000e-01  0.00000000e+00  0.00000000e+00  0.00000000e+00  4.71832941e-07 -4.22396123e-08 -4.29593317e-07 -1.13412353e-14 
 3.00000000e+01  5.40000000e-01 -5.40000000e-01  0.00000000e+00  0.00000000e+00  0.00000000e+00  4.83617612e-07 -4.42507372e-08 -4.39366864e-07 -1.14001396e-14 
 3.00000000e+01  5.50000000e-01 -5.50000000e-01  0.00000000e+00  0.00000000e+00  0.00000000e+00  4.95680152e-07 -4.63322986e-08 -4.49347842e-07 -1.14609825e-14 
 3.00000000e+01  5.60000000e-01 -5.60000000e-01  0.00000000e+00  0.00000000e+00  0.00000000e+00  5.08026648e-07 -4.84861577e-08 -4.59540479e-07 -1.15238181e-14 
 3.00000000e+01  5.70000000e-01 -5.70000000e-01  0.00000000e+00  0.00000000e+00  0.00000000e+00  5.20663303e-07 -5.07142174e-08 -4.69949074e-07 -1.15887020e-14 
 3.00000000e+01  5.80000000e-01 -5.80000000e-01  0.00000000e+00  0.00000000e+00  0.00000000e+00  5.33596434e-07 -5.30184235e-08 -4.80577999e-07 -1.16556910e-14 
 3.00000000e+01  5.90000000e-01 -5.90000000e-01  0.00000000e+00  0.00000000e+00  0.00000000e+00  5.46832480e-07 -5.54007653e-08 -4.91431703e-07 -1.17248434e-14 
 3.00000000e+01  6.00000000e-01 -6.00000000e-01  0.00000000e+00  0.00000000e+00  0.00000000e+00  5.60378000e-07 -5.78632768e-08 -5.02514711e-07 -1.17962189e-14 
 3.00000000e+01  6.10000000e-01 -6.10000000e-01  0.00000000e+00  0.00000000e+00  0.00000000e+00  5.74239677e-07 -6.04080373e-08 -5.13831628e-07 -1.18698787e-14 
 3.00000000e+01  6.20000000e-01 -6.20000000e-01  0.00000000e+00  0.00000000e+00  0.00000000e+00  5.88424321e-07 -6.30371724e-08 -5.25387137e-07 -1.19458854e-14 
 3.00000000e+01  6.30000000e-01 -6.30000000e-01  0.00000000e+00  0.00000000e+00  0.00000000e+00  6.02938871e-07 -6.57528550e-08 -5.37186004e-07 -1.20243032e-14 
 3.00000000e+01  6.40000000e-01 -6.40000000e-01  0.00000000e+00  0.00000000e+00  0.00000000e+00  6.17790394e-07 -6.85573063e-08 -5.49233076e-07 -1.21051978e-14 
 3.00000000e+01  6.50000000e-01 -6.50000000e-01  0.00000000e+00  0.00000000e+00  0.00000000e+00  6.32986095e-07 -7.14527965e-08 -5.61533286e-07 -1.21886366e-14 
 3.00000000e+01  6.60000000e-01 -6.60000000e-01  0.00000000e+00  0.00000000e+00  0.00000000e+00  6.48533312e-07 -7.44416463e-08 -5.74091653e-07 -1.22746883e-14 
 3.00000000e+01  6.70000000e-01 -6.70000000e-01  0.00000000e+00  0.00000000e+00  0.00000000e+00  6.64439522e-07 -7.75262274e-08 -5.86913282e-07 -1.23634236e-14 
 3.00000000e+01  6.80000000e-01 -6.80000000e-01  0.00000000e+00  0.00000000e+00  0.00000000e+00  6.80712345e-07 -8.07089638e-08 -6.00003368e-07 -1.24549146e-14 
 3.00000000e+01  6.90000000e-01 -6.90000000e-01  0.00000000e+00  0.00000000e+00  0.00000000e+00  6.97359541e-07 -8.39923327e-08 -6.13367196e-07 -1.25492354e-14 
 3.00000000e+01  7.00000000e-01 -7.00000000e-01  0.00000000e+00  0.00000000e+00  0.00000000e+00  7.14389021e-07 -8.73788659e-08 -6.27010142e-07 -1.26464616e-14 
 3.00000000e+01  7.10000000e-01 -7.10000000e-01  0.00000000e+00  0.00000000e+00  0.00000000e+00  7.31808841e-07 -9.08711504e-08 -6.40937677e-07 -1.27466708e-14 
 3.00000000e+01  7.20000000e-01 -7.20000000e-01  0.00000000e+00  0.00000000e+00  0.00000000e+00  7.49627210e-07 -9.44718299e-08 -6.55155367e-07 -1.28499422e-14 
 3.00000000e+01  7.30000000e-01 -7.30000000e-01  0.00000000e+00  0.00000000e+00  0.00000000e+00  7.67852492e-07 -9.81836058e-08 -6.69668874e-07 -1.29563569e-14 
 3.00000000e+01  7.40000000e-01 -7.40000000e-01  0.00000000e+00  0.00000000e+00  0.00000000e+00  7.86493209e-07 -1.02009238e-07 -6.84483958e-07 -1.30659981e-14 
 3.00000000e+01  7.50000000e-01 -7.50000000e-01  0.00000000e+00  0.00000000e+00  0.00000000e+00  8.05558041e-07 -1.05951547e-07 -6.99606481e-07 -1.31789507e-14 
 3.00000000e+01  7.60000000e-01 -7.60000000e-01  0.00000000e+00  0.00000000e+00  0.00000000e+00  8.25055834e-07 -1.10013415e-07 -7.15042406e-07 -1.32953018e-14 
 3.00000000e+01  7.70000000e-01 -7.70000000e-01  0.00000000e+00  0.00000000e+00  0.00000000e+00  8.44995597e-07 -1.14197784e-07 -7.30797799e-07 -1.34151402e-14 
 3.00000000e+01  7.80000000e-01 -7.80000000e-01  0.00000000e+00  0.00000000e+00  0.00000000e+00  8.65386512e-07 -1.18507664e-07 -7.46878835e-07 -1.35385571e-14 
 3.00000000e+01  7.90000000e-01 -7.90000000e-01  0.00000000e+00  0.00000000e+00  0.00000000e+00  8.86237931e-07 -1.22946125e-07 -7.63291792e-07 -1.36656455e-14 
 3.00000000e+01  8.00000000e-01 -8.00000000e-01  0.00000000e+00  0.00000000e+00  0.00000000e+00  9.07559384e-07 -1.27516308e-07 -7.80043062e-07 -1.37965007e-14 
 3.00000000e+01  8.10000000e-01 -8.10000000e-01  0.00000000e+00  0.00000000e+00  0.00000000e+00  9.29360578e-07 -1.32221418e-07 -7.97139145e-07 -1.39312202e-14 
 3.00000000e+01  8.20000000e-01 -8.20000000e-01  0.00000000e+00  0.00000000e+00  0.00000000e+00  9.51651405e-07 -1.37064731e-07 -8.14586660e-07 -1.40699036e-14 
 3.00000000e+01  8.30000000e-01 -8.30000000e-01  0.00000000e+00  0.00000000e+00  0.00000000e+00  9.74441943e-07 -1.42049592e-07 -8.32392337e-07 -1.42126528e-14 
 3.00000000e+01  8.40000000e-01 -8.40000000e-01  0.00000000e+00  0.00000000e+00  0.00000000e+00  9.97742460e-07 -1.47179418e-07 -8.50563028e-07 -1.43595721e-14 
 3.00000000e+01  8.50000000e-01 -8.50000000e-01  0.00000000e+00  0.00000000e+00  0.00000000e+00  1.02156342e-06 -1.52457699e-07 -8.69105707e-07 -1.45107681e-14 
 3.00000000e+01  8.60000000e-01 -8.60000000e-01  0.00000000e+00  0.00000000e+00  0.00000000e+00  1.04591548e-06 -1.57888001e-07 -8.88027469e-07 -1.46663497e-14 
 3.00000000e+01  8.70000000e-01 -8.70000000e-01  0.00000000e+00  0.00000000e+00  0.00000000e+00  1.07080952e-06 -1.63473963e-07 -9.07335537e-07 -1.48264283e-14 
 3.00000000e+01  8.80000000e-01 -8.80000000e-01  0.00000000e+00  0.00000000e+00  0.00000000e+00  1.09625658e-06 -1.69219305e-07 -9.27037265e-07 -1.49911179e-14 
 3.00000000e+01  8.90000000e-01 -8.90000000e-01  0.00000000e+00  0.00000000e+00  0.00000000e+00  1.12226797e-06 -1.75127822e-07 -9.47140138e-07 -1.51605349e-14 
 3.00000000e+01  9.00000000e-01 -9.00000000e-01  0.00000000e+00  0.00000000e+00  0.00000000e+00  1.14885518e-06 -1.81203393e-07 -9.67651776e-07 -1.53347984e-14 
 3.00000000e+01  9.10000000e-01 -9.10000000e-01  0.00000000e+00  0.00000000e+00  0.00000000e+00  1.17602993e-06 -1.87449978e-07 -9.88579940e-07 -1.55140301e-14 
 3.00000000e+01  9.20000000e-01 -9.20000000e-01  0.00000000e+00  0.00000000e+00  0.00000000e+00  1.20380417e-06 -1.93871619e-07 -1.00993253e-06 -1.56983543e-14 
 3.00000000e+01  9.30000000e-01 -9.30000000e-01  0.00000000e+00  0.00000000e+00  0.00000000e+00  1.23219007e-06 -2.00472447e-07 -1.03171761e-06 -1.58878997e-14 
 3.00000000e+01  9.40000000e-01 -9.40000000e-01  0.00000000e+00  0.00000000e+00  0.00000000e+00  1.26120005e-06 -2.07256677e-07 -1.05394336e-06 -1.88217561e-14 
 3.00000000e+01  9.50000000e-01 -9.50000000e-01  0.00000000e+00  0.00000000e+00  0.00000000e+00  1.29084677e-06 -2.14228613e-07 -1.07661814e-06 -2.32203690e-14 
 3.00000000e+01  9.60000000e-01 -9.60000000e-01  0.00000000e+00  0.00000000e+00  0.00000000e+00  1.32114314e-06 -2.21392650e-07 -1.09975046e-06 -2.96546766e-14 
 3.00000000e+01  9.70000000e-01 -9.70000000e-01  0.00000000e+00  0.00000000e+00  0.00000000e+00  1.35210232e-06 -2.28753277e-07 -1.12334901e-06 -3.90395625e-14 
 3.00000000e+01  9.80000000e-01 -9.80000000e-01  0.00000000e+00  0.00000000e+00  0.00000000e+00  1.38373775e-06 -2.36315075e-07 -1.14742262e-06 -5.29070419e-14 
 3.00000000e+01  9.90000000e-01 -9.90000000e-01  0.00000000e+00  0.00000000e+00  0.00000000e+00  1.41606311e-06 -2.44082720e-07 -1.17198031e-06 -7.46142521e-14 
 3.00000000e+01  1.00000000e+00 -1.00000000e+00  0.00000000e+00  0.00000000e+00  0.00000000e+00  1.44909239e-06 -2.52060989e-07 -1.19703129e-06 -1.13674008e-13 
 3.00000000e+01  1.01000000e+00 -1.01000000e+00  0.00000000e+00  0.00000000e+00  0.00000000e+00  1.48283987e-06 -2.60254755e-07 -1.22258492e-06 -1.99565504e-13 
 3.00000000e+01  1.02000000e+00 -1.02000000e+00  0.00000000e+00  0.00000000e+00  0.00000000e+00  1.51732020e-06 -2.68668995e-07 -1.24865078e-06 -4.20600171e-13 
 3.00000000e+01  1.03000000e+00 -1.03000000e+00  0.00000000e+00  0.00000000e+00  0.00000000e+00  1.55254845e-06 -2.77308789e-07 -1.27523864e-06 -1.02140511e-12 
 3.00000000e+01  1.04000000e+00 -1.04000000e+00  0.00000000e+00  0.00000000e+00  0.00000000e+00  1.58854041e-06 -2.86179322e-07 -1.30235847e-06 -2.62369827e-12 
 3.00000000e+01  1.05000000e+00 -1.05000000e+00  0.00000000e+00  0.00000000e+00  0.00000000e+00  1.62531301e-06 -2.95285887e-07 -1.33002044e-06 -6.68336030e-12 
 3.00000000e+01  1.06000000e+00 -1.06000000e+00  0.00000000e+00  0.00000000e+00  0.00000000e+00  1.66288521e-06 -3.04633887e-07 -1.35823496e-06 -1.63649406e-11 
 3.00000000e+01  1.07000000e+00 -1.07000000e+00  0.00000000e+00  0.00000000e+00  0.00000000e+00  1.70127959e-06 -3.14228836e-07 -1.38701265e-06 -3.81025463e-11 
 3.00000000e+01  1.08000000e+00 -1.08000000e+00  0.00000000e+00  0.00000000e+00  0.00000000e+00  1.74052495e-06 -3.24076362e-07 -1.41636437e-06 -8.42199798e-11 
 3.00000000e+01  1.09000000e+00 -1.09000000e+00  0.00000000e+00  0.00000000e+00  0.00000000e+00  1.78066051e-06 -3.34182210e-07 -1.44630121e-06 -1.77095953e-10 
 3.00000000e+01  1.10000000e+00 -1.10000000e+00  0.00000000e+00  0.00000000e+00  0.00000000e+00  1.82174224e-06 -3.44552243e-07 -1.47683453e-06 -3.55472360e-10 
 3.00000000e+01  1.11000000e+00 -1.11000000e+00  0.00000000e+00  0.00000000e+00  0.00000000e+00  1.86385198e-06 -3.55192445e-07 -1.50797593e-06 -6.83603558e-10 
 3.00000000e+01  1.12000000e+00 -1.12000000e+00  0.00000000e+00  0.00000000e+00  0.00000000e+00  1.90711026e-06 -3.66108921e-07 -1.53973732e-06 -1.26402108e-09 
 3.00000000e+01  1.13000000e+00 -1.13000000e+00  0.00000000e+00  0.00000000e+00  0.00000000e+00  1.95169350e-06 -3.77307904e-07 -1.57213086e-06 -2.25473131e-09 
 3.00000000e+01  1.14000000e+00 -1.14000000e+00  0.00000000e+00  0.00000000e+00  0.00000000e+00  1.99785645e-06 -3.88795754e-07 -1.60516903e-06 -3.89166651e-09 
 3.00000000e+01  1.15000000e+00 -1.15000000e+00  0.00000000e+00  0.00000000e+00  0.00000000e+00  2.04596074e-06 -4.00578960e-07 -1.63886461e-06 -6.51716816e-09 
 3.00000000e+01  1.16000000e+00 -1.16000000e+00  0.00000000e+00  0.00000000e+00  0.00000000e+00  2.09651008e-06 -4.12664145e-07 -1.67323073e-06 -1.06151968e-08 
 3.00000000e+01  1.17000000e+00 -1.17000000e+00  0.00000000e+00  0.00000000e+00  0.00000000e+00  2.15019277e-06 -4.25058066e-07 -1.70828087e-06 -1.68538367e-08 
 3.00000000e+01  1.18000000e+00 -1.18000000e+00  0.00000000e+00  0.00000000e+00  0.00000000e+00  2.20793198e-06 -4.37767619e-07 -1.74402885e-06 -2.61355045e-08 
 3.00000000e+01  1.19000000e+00 -1.19000000e+00  0.00000000e+00  0.00000000e+00  0.00000000e+00  2.27094386e-06 -4.50799841e-07 -1.78048893e-06 -3.96550857e-08 
 3.00000000e+01  1.20000000e+00 -1.20000000e+00  0.00000000e+00  0.00000000e+00  0.00000000e+00  2.34080369e-06 -4.64161910e-07 -1.81767575e-06 -5.89660225e-08 
