 3.00000000e+01  1.00000000e-02  1.00000000e-02  0.00000000e+00  1.00000000e-02  1.00000000e-02 -4.20730664e-11  8.41466843e-11 -4.20730664e-11 -5.51614960e-16 
 3.00000000e+01  2.00000000e-02  2.00000000e-02  0.00000000e+00  2.00000000e-02  2.00000000e-02 -7.75485552e-11  1.55098234e-10 -7.75485552e-11 -1.12350450e-15 
 3.00000000e+01  3.00000000e-02  3.00000000e-02  0.00000000e+00  3.00000000e-02  3.00000000e-02 -1.06675094e-10  2.13351904e-10 -1.06675094e-10 -1.71672572e-15 
 3.00000000e+01  4.00000000e-02  4.00000000e-02  0.00000000e+00  4.00000000e-02  4.00000000e-02 -1.29698168e-10  2.59398667e-10 -1.29698168e-10 -2.33157677e-15 
 3.00000000e+01  5.00000000e-02  5.00000000e-02  0.00000000e+00  5.00000000e-02  5.00000000e-02 -1.46861981e-10  2.93726932e-10 -1.46861981e-10 -2.97049711e-15 
 3.00000000e+01  6.00000000e-02  6.00000000e-02  0.00000000e+00  6.00000000e-02  6.00000000e-02 -1.58412289e-10  3.16828213e-10 -1.58412289e-10 -3.63554672e-15 
 3.00000000e+01  7.00000000e-02  7.00000000e-02  0.00000000e+00  7.00000000e-02  7.00000000e-02 -1.64600788e-10  3.29205902e-10 -1.64600788e-10 -4.32726771e-15 
 3.00000000e+01  8.00000000e-02  8.00000000e-02  0.00000000e+00  8.00000000e-02  8.00000000e-02 -1.65691995e-10  3.31389041e-10 -1.65691995e-10 -5.05324949e-15 
 3.00000000e+01  9.00000000e-02  9.00000000e-02  0.00000000e+00  9.00000000e-02  9.00000000e-02 -1.61974252e-10  3.23954316e-10 -1.61974252e-10 -5.81327521e-15 
 3.00000000e+01  1.00000000e-01  1.00000000e-01  0.00000000e+00  1.00000000e-01  1.00000000e-01 -1.53777777e-10  3.07562170e-10 -1.53777777e-10 -6.61840374e-15 
 3.00000000e+01  1.10000000e-01  1.10000000e-01  0.00000000e+00  1.10000000e-01  1.10000000e-01 -1.41505649e-10  2.83018768e-10 -1.41505649e-10 -7.47102033e-15 
 3.00000000e+01  1.20000000e-01  1.20000000e-01  0.00000000e+00  1.20000000e-01  1.20000000e-01 -1.25691409e-10  2.51391203e-10 -1.25691409e-10 -8.38608696e-15 
 3.00000000e+01  1.30000000e-01  1.30000000e-01  0.00000000e+00  1.30000000e-01  1.30000000e-01 -1.07122871e-10  2.14255114e-10 -1.07122871e-10 -9.37184358e-15 
 3.00000000e+01  1.40000000e-01  1.40000000e-01  0.00000000e+00  1.40000000e-01  1.40000000e-01 -8.71835177e-11  1.74377483e-10 -8.71835177e-11 -1.04469385e-14 
 3.00000000e+01  1.50000000e-01  1.50000000e-01  0.00000000e+00  1.50000000e-01  1.50000000e-01 -6.92114196e-11  1.38434471e-10 -6.92114196e-11 -1.16343567e-14 
 3.00000000e+01  1.60000000e-01  1.60000000e-01  0.00000000e+00  1.60000000e-01  1.60000000e-01 -6.52312955e-11  1.30475540e-10 -6.52312955e-11 -1.29527465e-14 
 3.00000000e+01  1.70000000e-01  1.70000000e-01  0.00000000e+00  1.70000000e-01  1.70000000e-01 -9.72363483e-11  1.94487125e-10 -9.72363483e-11 -1.44307309e-14 
 3.00000000e+01  1.80000000e-01  1.80000000e-01  0.00000000e+00  1.80000000e-01  1.80000000e-01 -1.58029453e-10  3.16075016e-10 -1.58029453e-10 -1.61099432e-14 
 3.00000000e+01  1.90000000e-01  1.90000000e-01  0.00000000e+00  1.90000000e-01  1.90000000e-01 -2.39872466e-10  4.79762970e-10 -2.39872466e-10 -1.80411242e-14 
 3.00000000e+01  2.00000000e-01  2.00000000e-01  0.00000000e+00  2.00000000e-01  2.00000000e-01 -3.44588712e-10  6.89197692e-10 -3.44588712e-10 -2.02719785e-14 
 3.00000000e+01  2.10000000e-01  2.10000000e-01  0.00000000e+00  2.10000000e-01  2.10000000e-01 -4.76929313e-10  9.53881497e-10 -4.76929313e-10 -2.28714617e-14 
 3.00000000e+01  2.20000000e-01  2.20000000e-01  0.00000000e+00  2.20000000e-01  2.20000000e-01 -6.42732451e-10  1.28549083e-09 -6.42732451e-10 -2.59254423e-14 
 3.00000000e+01  2.30000000e-01  2.30000000e-01  0.00000000e+00  2.30000000e-01  2.30000000e-01 -8.47971292e-10  1.69597212e-09 -8.47971292e-10 -2.95432082e-14 
 3.00000000e+01  2.40000000e-01  2.40000000e-01  0.00000000e+00  2.40000000e-01  2.40000000e-01 -1.09788853e-09  2.19581089e-09 -1.09788853e-09 -3.38323120e-14 
 3.00000000e+01  2.50000000e-01  2.50000000e-01  0.00000000e+00  2.50000000e-01  2.50000000e-01 -1.39632963e-09  2.79269821e-09 -1.39632963e-09 -3.89514809e-14 
 3.00000000e+01  2.60000000e-01  2.60000000e-01  0.00000000e+00  2.60000000e-01  2.60000000e-01 -1.74549501e-09  3.49103510e-09 -1.74549501e-09 -4.50785242e-14 
 3.00000000e+01  2.70000000e-01  2.70000000e-01  0.00000000e+00  2.70000000e-01  2.70000000e-01 -2.14615342e-09  4.29235927e-09 -2.14615342e-09 -5.24424254e-14 
 3.00000000e+01  2.80000000e-01  2.80000000e-01  0.00000000e+00  2.80000000e-01  2.80000000e-01 -2.59814210e-09  5.19634550e-09 -2.59814210e-09 -6.12938519e-14 
 3.00000000e+01  2.90000000e-01  2.90000000e-01  0.00000000e+00  2.90000000e-01  2.90000000e-01 -3.10090770e-09  6.20188737e-09 -3.10090770e-09 -7.19745444e-14 
 3.00000000e+01  3.00000000e-01  3.00000000e-01  0.00000000e+00  3.00000000e-01  3.00000000e-01 -3.65392005e-09  7.30792496e-09 -3.65392005e-09 -8.48600704e-14 
 3.00000000e+01  3.10000000e-01  3.10000000e-01  0.00000000e+00  3.10000000e-01  3.10000000e-01 -4.25691101e-09  8.51392245e-09 -4.25691101e-09 -1.00430948e-13 
 3.00000000e+01  3.20000000e-01  3.20000000e-01  0.00000000e+00  3.20000000e-01  3.20000000e-01 -4.90996858e-09  9.82005640e-09 -4.90996858e-09 -1.19243157e-13 
 3.00000000e+01  3.30000000e-01  3.30000000e-01  0.00000000e+00  3.30000000e-01  3.30000000e-01 -5.61354022e-09  1.12272224e-08 -5.61354022e-09 -1.41988851e-13 
 3.00000000e+01  3.40000000e-01  3.40000000e-01  0.00000000e+00  3.40000000e-01  3.40000000e-01 -6.36839191e-09  1.27369533e-08 -6.36839191e-09 -1.69492025e-13 
 3.00000000e+01  3.50000000e-01  3.50000000e-01  0.00000000e+00  3.50000000e-01  3.50000000e-01 -7.17555297e-09  1.43513087e-08 -7.17555297e-09 -2.02747541e-13 
 3.00000000e+01  3.60000000e-01  3.60000000e-01  0.00000000e+00  3.60000000e-01  3.60000000e-01 -8.03626245e-09  1.60727678e-08 -8.03626245e-09 -2.42933278e-13 
 3.00000000e+01  3.70000000e-01  3.70000000e-01  0.00000000e+00  3.70000000e-01  3.70000000e-01 -8.95192379e-09  1.79041391e-08 -8.95192379e-09 -2.91482984e-13 
 3.00000000e+01  3.80000000e-01  3.80000000e-01  0.00000000e+00  3.80000000e-01  3.80000000e-01 -9.92406927e-09  1.98484887e-08 -9.92406927e-09 -3.50123576e-13 
 3.00000000e+01  3.90000000e-01  3.90000000e-01  0.00000000e+00  3.90000000e-01  3.90000000e-01 -1.09543337e-08  2.19090883e-08 -1.09543337e-08 -4.20905498e-13 
 3.00000000e+01  4.00000000e-01  4.00000000e-01  0.00000000e+00  4.00000000e-01  4.00000000e-01 -1.20444355e-08  2.40893773e-08 -1.20444355e-08 -5.06298128e-13 
 3.00000000e+01  4.10000000e-01  4.10000000e-01  0.00000000e+00  4.10000000e-01  4.10000000e-01 -1.31961639e-08  2.63929370e-08 -1.31961639e-08 -6.09253967e-13 
 3.00000000e+01  4.20000000e-01  4.20000000e-01  0.00000000e+00  4.20000000e-01  4.20000000e-01 -1.44113701e-08  2.88234736e-08 -1.44113701e-08 -7.33321390e-13 
 3.00000000e+01  4.30000000e-01  4.30000000e-01  0.00000000e+00  4.30000000e-01  4.30000000e-01 -1.56919626e-08  3.13848079e-08 -1.56919626e-08 -8.82753939e-13 
 3.00000000e+01  4.40000000e-01  4.40000000e-01  0.00000000e+00  4.40000000e-01  4.40000000e-01 -1.70399032e-08  3.40808690e-08 -1.70399032e-08 -1.06262048e-12 
 3.00000000e+01  4.50000000e-01  4.50000000e-01  0.00000000e+00  4.50000000e-01  4.50000000e-01 -1.84572063e-08  3.69156915e-08 -1.84572063e-08 -1.27901335e-12 
 3.00000000e+01  4.60000000e-01  4.60000000e-01  0.00000000e+00  4.60000000e-01  4.60000000e-01 -1.99459379e-08  3.98934150e-08 -1.99459379e-08 -1.53919238e-12 
 3.00000000e+01  4.70000000e-01  4.70000000e-01  0.00000000e+00  4.70000000e-01  4.70000000e-01 -2.15082163e-08  4.30182844e-08 -2.15082163e-08 -1.85187803e-12 
 3.00000000e+01  4.80000000e-01  4.80000000e-01  0.00000000e+00  4.80000000e-01  4.80000000e-01 -2.31462124e-08  4.62946522e-08 -2.31462124e-08 -2.22747341e-12 
 3.00000000e+01  4.90000000e-01  4.90000000e-01  0.00000000e+00  4.90000000e-01  4.90000000e-01 -2.48621510e-08  4.97269804e-08 -2.48621510e-08 -2.67841478e-12 
 3.00000000e+01  5.00000000e-01  5.00000000e-01  0.00000000e+00  5.00000000e-01  5.00000000e-01 -2.66583118e-08  5.33198431e-08 -2.66583118e-08 -3.21956697e-12 
 3.00000000e+01  5.10000000e-01  5.10000000e-01  0.00000000e+00  5.10000000e-01  5.10000000e-01 -2.85370305e-08  5.70779298e-08 -2.85370305e-08 -3.86870917e-12 
 3.00000000e+01  5.20000000e-01  5.20000000e-01  0.00000000e+00  5.20000000e-01  5.20000000e-01 -3.05007007e-08  6.10060483e-08 -3.05007007e-08 -4.64703796e-12 
 3.00000000e+01  5.30000000e-01  5.30000000e-01  0.00000000e+00  5.30000000e-01  5.30000000e-01 -3.25517742e-08  6.51091283e-08 -3.25517742e-08 -5.57992194e-12 
 3.00000000e+01  5.40000000e-01  5.40000000e-01  0.00000000e+00  5.40000000e-01  5.40000000e-01 -3.46927633e-08  6.93922242e-08 -3.46927633e-08 -6.69761469e-12 
 3.00000000e+01  5.50000000e-01  5.50000000e-01  0.00000000e+00  5.50000000e-01  5.50000000e-01 -3.69262415e-08  7.38605192e-08 -3.69262415e-08 -8.03623314e-12 
 3.00000000e+01  5.60000000e-01  5.60000000e-01  0.00000000e+00  5.60000000e-01  5.60000000e-01 -3.92548449e-08  7.85193288e-08 -3.92548449e-08 -9.63891467e-12 
 3.00000000e+01  5.70000000e-01  5.70000000e-01  0.00000000e+00  5.70000000e-01  5.70000000e-01 -4.16812738e-08  8.33741046e-08 -4.16812738e-08 -1.15570973e-11 
 3.00000000e+01  5.80000000e-01  5.80000000e-01  0.00000000e+00  5.80000000e-01  5.80000000e-01 -4.42082933e-08  8.84304387e-08 -4.42082933e-08 -1.38521573e-11 
 3.00000000e+01  5.90000000e-01  5.90000000e-01  0.00000000e+00  5.90000000e-01  5.90000000e-01 -4.68387354e-08  9.36940681e-08 -4.68387354e-08 -1.65973173e-11 
 3.00000000e+01  6.00000000e-01  6.00000000e-01  0.00000000e+00  6.00000000e-01  6.00000000e-01 -4.95754997e-08  9.91708793e-08 -4.95754997e-08 -1.98798842e-11 
 3.00000000e+01  6.10000000e-01  6.10000000e-01  0.00000000e+00  6.10000000e-01  6.10000000e-01 -5.24215550e-08  1.04866914e-07 -5.24215550e-08 -2.38039536e-11 
 3.00000000e+01  6.20000000e-01  6.20000000e-01  0.00000000e+00  6.20000000e-01  6.20000000e-01 -5.53799405e-08  1.10788375e-07 -5.53799405e-08 -2.84936068e-11 
 3.00000000e+01  6.30000000e-01  6.30000000e-01  0.00000000e+00  6.30000000e-01  6.30000000e-01 -5.84537672e-08  1.16941631e-07 -5.84537672e-08 -3.40967220e-11 
 3.00000000e+01  6.40000000e-01  6.40000000e-01  0.00000000e+00  6.40000000e-01  6.40000000e-01 -6.16462192e-08  1.23333228e-07 -6.16462192e-08 -4.07895072e-11 
 3.00000000e+01  6.50000000e-01  6.50000000e-01  0.00000000e+00  6.50000000e-01  6.50000000e-01 -6.49605551e-08  1.29969892e-07 -6.49605551e-08 -4.87818796e-11 
 3.00000000e+01  6.60000000e-01  6.60000000e-01  0.00000000e+00  6.60000000e-01  6.60000000e-01 -6.84001097e-08  1.36858543e-07 -6.84001097e-08 -5.83238475e-11 
 3.00000000e+01  6.70000000e-01  6.70000000e-01  0.00000000e+00  6.70000000e-01  6.70000000e-01 -7.19682949e-08  1.44006303e-07 -7.19682949e-08 -6.97131224e-11 
 3.00000000e+01  6.80000000e-01  6.80000000e-01  0.00000000e+00  6.80000000e-01  6.80000000e-01 -7.56686018e-08  1.51420508e-07 -7.56686018e-08 -8.33040963e-11 
 3.00000000e+01  6.90000000e-01  6.90000000e-01  0.00000000e+00  6.90000000e-01  6.90000000e-01 -7.95046017e-08  1.59108722e-07 -7.95046017e-08 -9.95186364e-11 
 3.00000000e+01  7.00000000e-01  7.00000000e-01  0.00000000e+00  7.00000000e-01  7.00000000e-01 -8.34799480e-08  1.67078755e-07 -8.34799480e-08 -1.18858633e-10 
 3.00000000e+01  7.10000000e-01  7.10000000e-01  0.00000000e+00  7.10000000e-01  7.10000000e-01 -8.75983777e-08  1.75338677e-07 -8.75983777e-08 -1.41921235e-10 
 3.00000000e+01  7.20000000e-01  7.20000000e-01  0.00000000e+00  7.20000000e-01  7.20000000e-01 -9.18637130e-08  1.83896843e-07 -9.18637130e-08 -1.69416552e-10 
 3.00000000e+01  7.30000000e-01  7.30000000e-01  0.00000000e+00  7.30000000e-01  7.30000000e-01 -9.62798630e-08  1.92761915e-07 -9.62798630e-08 -2.02188882e-10 
 3.00000000e+01  7.40000000e-01  7.40000000e-01  0.00000000e+00  7.40000000e-01  7.40000000e-01 -1.00850825e-07  2.01942893e-07 -1.00850825e-07 -2.41241733e-10 
 3.00000000e+01  7.50000000e-01  7.50000000e-01  0.00000000e+00  7.50000000e-01  7.50000000e-01 -1.05580688e-07  2.11449144e-07 -1.05580688e-07 -2.87767430e-10 
 3.00000000e+01  7.60000000e-01  7.60000000e-01  0.00000000e+00  7.60000000e-01  7.60000000e-01 -1.10473632e-07  2.21290445e-07 -1.10473632e-07 -3.43182156e-10 
 3.00000000e+01  7.70000000e-01  7.70000000e-01  0.00000000e+00  7.70000000e-01  7.70000000e-01 -1.15533930e-07  2.31477027e-07 -1.15533930e-07 -4.09167316e-10 
 3.00000000e+01  7.80000000e-01  7.80000000e-01  0.00000000e+00  7.80000000e-01  7.80000000e-01 -1.20765953e-07  2.42019624e-07 -1.20765953e-07 -4.87718348e-10 
 3.00000000e+01  7.90000000e-01  7.90000000e-01  0.00000000e+00  7.90000000e-01  7.90000000e-01 -1.26174168e-07  2.52929538e-07 -1.26174168e-07 -5.81202298e-10 
 3.00000000e+01  8.00000000e-01  8.00000000e-01  0.00000000e+00  8.00000000e-01  8.00000000e-01 -1.31763143e-07  2.64218712e-07 -1.31763143e-07 -6.92425586e-10 
 3.00000000e+01  8.10000000e-01  8.10000000e-01  0.00000000e+00  8.10000000e-01  8.10000000e-01 -1.37537547e-07  2.75899808e-07 -1.37537547e-07 -8.24713717e-10 
 3.00000000e+01  8.20000000e-01  8.20000000e-01  0.00000000e+00  8.20000000e-01  8.20000000e-01 -1.43502153e-07  2.87986310e-07 -1.43502153e-07 -9.82004804e-10 
 3.00000000e+01  8.30000000e-01  8.30000000e-01  0.00000000e+00  8.30000000e-01  8.30000000e-01 -1.49661839e-07  3.00492637e-07 -1.49661839e-07 -1.16895926e-09 
 3.00000000e+01  8.40000000e-01  8.40000000e-01  0.00000000e+00  8.40000000e-01  8.40000000e-01 -1.56021592e-07  3.13434272e-07 -1.56021592e-07 -1.39108818e-09 
 3.00000000e+01  8.50000000e-01  8.50000000e-01  0.00000000e+00  8.50000000e-01  8.50000000e-01 -1.62586508e-07  3.26827919e-07 -1.62586508e-07 -1.65490297e-09 
 3.00000000e+01  8.60000000e-01  8.60000000e-01  0.00000000e+00  8.60000000e-01  8.60000000e-01 -1.69361796e-07  3.40691682e-07 -1.69361796e-07 -1.96808977e-09 
 3.00000000e+01  8.70000000e-01  8.70000000e-01  0.00000000e+00  8.70000000e-01  8.70000000e-01 -1.76352780e-07  3.55045272e-07 -1.76352780e-07 -2.33971196e-09 
 3.00000000e+01  8.80000000e-01  8.80000000e-01  0.00000000e+00  8.80000000e-01  8.80000000e-01 -1.83564899e-07  3.69910243e-07 -1.83564899e-07 -2.78044442e-09 
 3.00000000e+01  8.90000000e-01  8.90000000e-01  0.00000000e+00  8.90000000e-01  8.90000000e-01 -1.91003714e-07  3.85310271e-07 -1.91003714e-07 -3.30284379e-09 
 3.00000000e+01  9.00000000e-01  9.00000000e-01  0.00000000e+00  9.00000000e-01  9.00000000e-01 -1.98674903e-07  4.01271466e-07 -1.98674903e-07 -3.92165881e-09 
 3.00000000e+01  9.10000000e-01  9.10000000e-01  0.00000000e+00  9.10000000e-01  9.10000000e-01 -2.06584273e-07  4.17822732e-07 -2.06584273e-07 -4.65418498e-09 
 3.00000000e+01  9.20000000e-01  9.20000000e-01  0.00000000e+00  9.20000000e-01  9.20000000e-01 -2.14737755e-07  4.34996177e-07 -2.14737755e-07 -5.52066793e-09 
 3.00000000e+01  9.30000000e-01  9.30000000e-01  0.00000000e+00  9.30000000e-01  9.30000000e-01 -2.23141407e-07  4.52827574e-07 -2.23141407e-07 -6.54475910e-09 
 3.00000000e+01  9.40000000e-01  9.40000000e-01  0.00000000e+00  9.40000000e-01  9.40000000e-01 -2.31801423e-07  4.71356873e-07 -2.31801423e-07 -7.75402723e-09 
 3.00000000e+01  9.50000000e-01  9.50000000e-01  0.00000000e+00  9.50000000e-01  9.50000000e-01 -2.40724127e-07  4.90628781e-07 -2.40724127e-07 -9.18052754e-09 
 3.00000000e+01  9.60000000e-01  9.60000000e-01  0.00000000e+00  9.60000000e-01  9.60000000e-01 -2.49915981e-07  5.10693392e-07 -2.49915981e-07 -1.08614299e-08 
 3.00000000e+01  9.70000000e-01  9.70000000e-01  0.00000000e+00  9.70000000e-01  9.70000000e-01 -2.59383588e-07  5.31606881e-07 -2.59383588e-07 -1.28397043e-08 
 3.00000000e+01  9.80000000e-01  9.80000000e-01  0.00000000e+00  9.80000000e-01  9.80000000e-01 -2.69133692e-07  5.53432243e-07 -2.69133692e-07 -1.51648594e-08 
 3.00000000e+01  9.90000000e-01  9.90000000e-01  0.00000000e+00  9.90000000e-01  9.90000000e-01 -2.79173181e-07  5.76240092e-07 -2.79173181e-07 -1.78937288e-08 
 3.00000000e+01  1.00000000e+00  1.00000000e+00  0.00000000e+00  1.00000000e+00  1.00000000e+00 -2.89509094e-07  6.00109479e-07 -2.89509094e-07 -2.10912917e-08 
 3.00000000e+01  1.01000000e+00  1.01000000e+00  0.00000000e+00  1.01000000e+00  1.01000000e+00 -3.00148617e-07  6.25128748e-07 -3.00148617e-07 -2.48315145e-08 
 3.00000000e+01  1.02000000e+00  1.02000000e+00  0.00000000e+00  1.02000000e+00  1.02000000e+00 -3.11099092e-07  6.51396376e-07 -3.11099092e-07 -2.91981925e-08 
 3.00000000e+01  1.03000000e+00  1.03000000e+00  0.00000000e+00  1.03000000e+00  1.03000000e+00 -3.22368018e-07  6.79021804e-07 -3.22368018e-07 -3.42857681e-08 
 3.00000000e+01  1.04000000e+00  1.04000000e+00  0.00000000e+00  1.04000000e+00  1.04000000e+00 -3.33963054e-07  7.08126204e-07 -3.33963054e-07 -4.02000964e-08 
 3.00000000e+01  1.05000000e+00  1.05000000e+00  0.00000000e+00  1.05000000e+00  1.05000000e+00 -3.45892020e-07  7.38843166e-07 -3.45892020e-07 -4.70591264e-08 
 3.00000000e+01  1.06000000e+00  1.06000000e+00  0.00000000e+00  1.06000000e+00  1.06000000e+00 -3.58162905e-07  7.71319277e-07 -3.58162905e-07 -5.49934662e-08 
 3.00000000e+01  1.07000000e+00  1.07000000e+00  0.00000000e+00  1.07000000e+00  1.07000000e+00 -3.70783866e-07  8.05714533e-07 -3.70783866e-07 -6.41467999e-08 
 3.00000000e+01  1.08000000e+00  1.08000000e+00  0.00000000e+00  1.08000000e+00  1.08000000e+00 -3.83763234e-07  8.42202598e-07 -3.83763234e-07 -7.46761301e-08 
 3.00000000e+01  1.09000000e+00  1.09000000e+00  0.00000000e+00  1.09000000e+00  1.09000000e+00 -3.97109514e-07  8.80970853e-07 -3.97109514e-07 -8.67518247e-08 
 3.00000000e+01  1.10000000e+00  1.10000000e+00  0.00000000e+00  1.10000000e+00  1.10000000e+00 -4.10831393e-07  9.22220247e-07 -4.10831393e-07 -1.00557461e-07 
 3.00000000e+01  1.11000000e+00  1.11000000e+00  0.00000000e+00  1.11000000e+00  1.11000000e+00 -4.24937740e-07  9.66164952e-07 -4.24937740e-07 -1.16289473e-07 
 3.00000000e+01  1.12000000e+00  1.12000000e+00  0.00000000e+00  1.12000000e+00  1.12000000e+00 -4.39437610e-07  1.01303184e-06 -4.39437610e-07 -1.34156615e-07 
 3.00000000e+01  1.13000000e+00  1.13000000e+00  0.00000000e+00  1.13000000e+00  1.13000000e+00 -4.54340252e-07  1.06305979e-06 -4.54340252e-07 -1.54379290e-07 
 3.00000000e+01  1.14000000e+00  1.14000000e+00  0.00000000e+00  1.14000000e+00  1.14000000e+00 -4.69655104e-07  1.11649898e-06 -4.69655104e-07 -1.77188776e-07 
 3.00000000e+01  1.15000000e+00  1.15000000e+00  0.00000000e+00  1.15000000e+00  1.15000000e+00 -4.85391805e-07  1.17361004e-06 -4.85391805e-07 -2.02826427e-07 
 3.00000000e+01  1.16000000e+00  1.16000000e+00  0.00000000e+00  1.16000000e+00  1.16000000e+00 -5.01560196e-07  1.23466329e-06 -5.01560196e-07 -2.31542901e-07 
 3.00000000e+01  1.17000000e+00  1.17000000e+00  0.00000000e+00  1.17000000e+00  1.17000000e+00 -5.18170323e-07  1.29993813e-06 -5.18170323e-07 -2.63597485e-07 
 3.00000000e+01  1.18000000e+00  1.18000000e+00  0.00000000e+00  1.18000000e+00  1.18000000e+00 -5.35232440e-07  1.36972245e-06 -5.35232440e-07 -2.99257574e-07 
 3.00000000e+01  1.19000000e+00  1.19000000e+00  0.00000000e+00  1.19000000e+00  1.19000000e+00 -5.52757016e-07  1.44431240e-06 -5.52757016e-07 -3.38798368e-07 
 3.00000000e+01  1.20000000e+00  1.20000000e+00  0.00000000e+00  1.20000000e+00  1.20000000e+00 -5.70754739e-07  1.52401227e-06 -5.70754739e-07 -3.82502787e-07 
