 v-sweep         V(drain)        V(gate)         V(source)       V(body)         I(Vd)           I(Vg)           I(Vs)           I(Vb)          
 0.00000000e+00  0.00000000e+00  0.00000000e+00  0.00000000e+00  0.00000000e+00 -1.44944768e-19  2.20278544e-18 -1.44944768e-19 -1.91289591e-18 
 5.00000000e-02  5.00000000e-02  0.00000000e+00  0.00000000e+00  0.00000000e+00 -1.04540714e-07  1.16599949e-09  1.03374706e-07  8.56496676e-15 
 1.00000000e-01  1.00000000e-01  0.00000000e+00  0.00000000e+00  0.00000000e+00 -1.35315419e-07  3.17510936e-09  1.32140300e-07  9.84206505e-15 
 1.50000000e-01  1.50000000e-01  0.00000000e+00  0.00000000e+00  0.00000000e+00 -1.60505798e-07  6.24746668e-09  1.54258321e-07  1.00776348e-14 
 2.00000000e-01  2.00000000e-01  0.00000000e+00  0.00000000e+00  0.00000000e+00 -1.88326352e-07  1.06452514e-08  1.77681091e-07  1.01765865e-14 
 2.50000000e-01  2.50000000e-01  0.00000000e+00  0.00000000e+00  0.00000000e+00 -2.20448534e-07  1.66796613e-08  2.03768863e-07  1.02724554e-14 
 3.00000000e-01  3.00000000e-01  0.00000000e+00  0.00000000e+00  0.00000000e+00 -2.57912498e-07  2.47188881e-08  2.33193600e-07  1.03877324e-14 
 3.50000000e-01  3.50000000e-01  0.00000000e+00  0.00000000e+00  0.00000000e+00 -3.01722515e-07  3.51972652e-08  2.66525239e-07  1.05294692e-14 
 4.00000000e-01  4.00000000e-01  0.00000000e+00  0.00000000e+00  0.00000000e+00 -3.52972670e-07  4.86257596e-08  3.04346900e-07  1.07031774e-14 
 4.50000000e-01  4.50000000e-01  0.00000000e+00  0.00000000e+00  0.00000000e+00 -4.12896737e-07  6.56039976e-08  3.47292728e-07  1.09149349e-14 
 5.00000000e-01  5.00000000e-01  0.00000000e+00  0.00000000e+00  0.00000000e+00 -4.82901395e-07  8.68340391e-08  3.96067344e-07  1.11718086e-14 
 5.50000000e-01  5.50000000e-01  0.00000000e+00  0.00000000e+00  0.00000000e+00 -5.64596320e-07  1.13136142e-07  4.51460167e-07  1.14820541e-14 
 6.00000000e-01  6.00000000e-01  0.00000000e+00  0.00000000e+00  0.00000000e+00 -6.59825355e-07  1.45466789e-07  5.14358553e-07  1.18553050e-14 
 6.50000000e-01  6.50000000e-01  0.00000000e+00  0.00000000e+00  0.00000000e+00 -7.70700511e-07  1.84939289e-07  5.85761210e-07  1.23027841e-14 
 7.00000000e-01  7.00000000e-01  0.00000000e+00  0.00000000e+00  0.00000000e+00 -8.99639834e-07  2.32847296e-07  6.66792525e-07  1.28375447e-14 
 7.50000000e-01  7.50000000e-01  0.00000000e+00  0.00000000e+00  0.00000000e+00 -1.04940990e-06  2.90691650e-07  7.58718232e-07  1.34747454e-14 
 8.00000000e-01  8.00000000e-01  0.00000000e+00  0.00000000e+00  0.00000000e+00 -1.22317366e-06  3.60210985e-07  8.62962664e-07  1.42319632e-14 
 8.50000000e-01  8.50000000e-01  0.00000000e+00  0.00000000e+00  0.00000000e+00 -1.42454451e-06  4.43416596e-07  9.81127901e-07  1.51295498e-14 
 9.00000000e-01  9.00000000e-01  0.00000000e+00  0.00000000e+00  0.00000000e+00 -1.65764722e-06  5.42632155e-07  1.11501505e-06  1.61910354e-14 
 9.50000000e-01  9.50000000e-01  0.00000000e+00  0.00000000e+00  0.00000000e+00 -1.92718694e-06  6.60538909e-07  1.26664800e-06  2.91895943e-14 
 1.00000000e+00  1.00000000e+00  0.00000000e+00  0.00000000e+00  0.00000000e+00 -2.23852725e-06  8.00227072e-07  1.43829998e-06  1.96693612e-13 
 1.05000000e+00  1.05000000e+00  0.00000000e+00  0.00000000e+00  0.00000000e+00 -2.59779926e-06  9.65254259e-07  1.63252340e-06  2.16086547e-11 
 1.10000000e+00  1.10000000e+00  0.00000000e+00  0.00000000e+00  0.00000000e+00 -3.01299642e-06  1.15971185e-06  1.85218334e-06  1.10123205e-09 
 1.15000000e+00  1.15000000e+00  0.00000000e+00  0.00000000e+00  0.00000000e+00 -3.50787107e-06  1.38830032e-06  2.10049580e-06  1.90749517e-08 
 1.20000000e+00  1.20000000e+00  0.00000000e+00  0.00000000e+00  0.00000000e+00 -4.20259755e-06  1.65641476e-06  2.38107314e-06  1.65109651e-07 
