 v-sweep         V(drain)        V(gate)         V(source)       V(body)         I(Vd)           I(Vg)           I(Vs)           I(Vb)          
 0.00000000e+00  0.00000000e+00  0.00000000e+00  0.00000000e+00  0.00000000e+00 -3.61004911e-20  5.48629375e-19 -3.61004911e-20 -4.76428393e-19 
 5.00000000e-02  5.00000000e-02  0.00000000e+00  0.00000000e+00  0.00000000e+00 -2.60361374e-08  2.90405929e-10  2.57457229e-08  8.55606781e-15 
 1.00000000e-01  1.00000000e-01  0.00000000e+00  0.00000000e+00  0.00000000e+00 -3.37006281e-08  7.90799045e-10  3.29098193e-08  9.80345180e-15 
 1.50000000e-01  1.50000000e-01  0.00000000e+00  0.00000000e+00  0.00000000e+00 -3.99743160e-08  1.55600794e-09  3.84182981e-08  9.99657668e-15 
 2.00000000e-01  2.00000000e-01  0.00000000e+00  0.00000000e+00  0.00000000e+00 -4.69029523e-08  2.65133310e-09  4.42516092e-08  1.00406665e-14 
 2.50000000e-01  2.50000000e-01  0.00000000e+00  0.00000000e+00  0.00000000e+00 -5.49027765e-08  4.15428442e-09  5.07484820e-08  1.00673444e-14 
 3.00000000e-01  3.00000000e-01  0.00000000e+00  0.00000000e+00  0.00000000e+00 -6.42327785e-08  6.15656827e-09  5.80762001e-08  1.00964433e-14 
 3.50000000e-01  3.50000000e-01  0.00000000e+00  0.00000000e+00  0.00000000e+00 -7.51429809e-08  8.76636645e-09  6.63766043e-08  1.01317773e-14 
 4.00000000e-01  4.00000000e-01  0.00000000e+00  0.00000000e+00  0.00000000e+00 -8.79057358e-08  1.21109503e-08  7.57947753e-08  1.01750152e-14 
 4.50000000e-01  4.50000000e-01  0.00000000e+00  0.00000000e+00  0.00000000e+00 -1.02828132e-07  1.63396774e-08  8.64884439e-08  1.02277117e-14 
 5.00000000e-01  5.00000000e-01  0.00000000e+00  0.00000000e+00  0.00000000e+00 -1.20260249e-07  2.16274237e-08  9.86328147e-08  1.02916297e-14 
 5.50000000e-01  5.50000000e-01  0.00000000e+00  0.00000000e+00  0.00000000e+00 -1.40602630e-07  2.81785130e-08  1.12424106e-07  1.03688224e-14 
 6.00000000e-01  6.00000000e-01  0.00000000e+00  0.00000000e+00  0.00000000e+00 -1.64314008e-07  3.62312101e-08  1.28082787e-07  1.04616838e-14 
 6.50000000e-01  6.50000000e-01  0.00000000e+00  0.00000000e+00  0.00000000e+00 -1.91919737e-07  4.60628564e-08  1.45856870e-07  1.05730019e-14 
 7.00000000e-01  7.00000000e-01  0.00000000e+00  0.00000000e+00  0.00000000e+00 -2.24021160e-07  5.79957353e-08  1.66025414e-07  1.07060181e-14 
 7.50000000e-01  7.50000000e-01  0.00000000e+00  0.00000000e+00  0.00000000e+00 -2.61306122e-07  7.24037665e-08  1.88902345e-07  1.08644948e-14 
 8.00000000e-01  8.00000000e-01  0.00000000e+00  0.00000000e+00  0.00000000e+00 -3.04560798e-07  8.97201405e-08  2.14840646e-07  1.10527926e-14 
 8.50000000e-01  8.50000000e-01  0.00000000e+00  0.00000000e+00  0.00000000e+00 -3.54683010e-07  1.10446022e-07  2.44236977e-07  1.12759570e-14 
 9.00000000e-01  9.00000000e-01  0.00000000e+00  0.00000000e+00  0.00000000e+00 -4.12697266e-07  1.35160462e-07  2.77536792e-07  1.15398171e-14 
 9.50000000e-01  9.50000000e-01  0.00000000e+00  0.00000000e+00  0.00000000e+00 -4.79771715e-07  1.64531689e-07  3.15240011e-07  1.47749033e-14 
 1.00000000e+00  1.00000000e+00  0.00000000e+00  0.00000000e+00  0.00000000e+00 -5.57237322e-07  1.99329947e-07  3.57907319e-07  5.65926276e-14 
 1.05000000e+00  1.05000000e+00  0.00000000e+00  0.00000000e+00  0.00000000e+00 -6.46614713e-07  2.40442106e-07  4.06167179e-07  5.42791757e-12 
 1.10000000e+00  1.10000000e+00  0.00000000e+00  0.00000000e+00  0.00000000e+00 -7.49888073e-07  2.88888265e-07  4.60723651e-07  2.76157030e-10 
 1.15000000e+00  1.15000000e+00  0.00000000e+00  0.00000000e+00  0.00000000e+00 -8.72987510e-07  3.45840612e-07  5.22365148e-07  4.78175019e-09 
 1.20000000e+00  1.20000000e+00  0.00000000e+00  0.00000000e+00  0.00000000e+00 -1.04600042e-06  4.12644848e-07  5.91974355e-07  4.13812168e-08 
