 v-sweep         V(drain)        V(gate)         V(source)       V(body)         I(Vd)           I(Vg)           I(Vs)           I(Vb)          
 0.00000000e+00  0.00000000e+00  0.00000000e+00  0.00000000e+00  0.00000000e+00 -5.42413970e-20  8.24322439e-19 -5.42413970e-20 -7.15839645e-19 
 5.00000000e-02  5.00000000e-02  0.00000000e+00  0.00000000e+00  0.00000000e+00 -3.91202147e-08  4.36338488e-10  3.86838676e-08  8.55754957e-15 
 1.00000000e-01  1.00000000e-01  0.00000000e+00  0.00000000e+00  0.00000000e+00 -5.06363635e-08  1.18818524e-09  4.94481684e-08  9.80988351e-15 
 1.50000000e-01  1.50000000e-01  0.00000000e+00  0.00000000e+00  0.00000000e+00 -6.00627536e-08  2.33792078e-09  5.77248228e-08  1.00100788e-14 
 2.00000000e-01  2.00000000e-01  0.00000000e+00  0.00000000e+00  0.00000000e+00 -7.04732414e-08  3.98365971e-09  6.64895717e-08  1.00633068e-14 
 2.50000000e-01  2.50000000e-01  0.00000000e+00  0.00000000e+00  0.00000000e+00 -8.24932409e-08  6.24186130e-09  7.62513695e-08  1.01015089e-14 
 3.00000000e-01  3.00000000e-01  0.00000000e+00  0.00000000e+00  0.00000000e+00 -9.65118969e-08  9.25031501e-09  8.72615717e-08  1.01449604e-14 
 3.50000000e-01  3.50000000e-01  0.00000000e+00  0.00000000e+00  0.00000000e+00 -1.12904886e-07  1.31715646e-08  9.97333109e-08  1.01980143e-14 
 4.00000000e-01  4.00000000e-01  0.00000000e+00  0.00000000e+00  0.00000000e+00 -1.32081439e-07  1.81968357e-08  1.13884593e-07  1.02629789e-14 
 4.50000000e-01  4.50000000e-01  0.00000000e+00  0.00000000e+00  0.00000000e+00 -1.54502988e-07  2.45505382e-08  1.29952440e-07  1.03421613e-14 
 5.00000000e-01  5.00000000e-01  0.00000000e+00  0.00000000e+00  0.00000000e+00 -1.80695569e-07  3.24954230e-08  1.48200136e-07  1.04382070e-14 
 5.50000000e-01  5.50000000e-01  0.00000000e+00  0.00000000e+00  0.00000000e+00 -2.11261051e-07  4.23384854e-08  1.68922555e-07  1.05542006e-14 
 6.00000000e-01  6.00000000e-01  0.00000000e+00  0.00000000e+00  0.00000000e+00 -2.46888752e-07  5.44377159e-08  1.92451026e-07  1.06937397e-14 
 6.50000000e-01  6.50000000e-01  0.00000000e+00  0.00000000e+00  0.00000000e+00 -2.88368109e-07  6.92098163e-08  2.19158282e-07  1.08610143e-14 
 7.00000000e-01  7.00000000e-01  0.00000000e+00  0.00000000e+00  0.00000000e+00 -3.36602766e-07  8.71390109e-08  2.49463744e-07  1.10608960e-14 
 7.50000000e-01  7.50000000e-01  0.00000000e+00  0.00000000e+00  0.00000000e+00 -3.92626373e-07  1.08787104e-07  2.83839258e-07  1.12990396e-14 
 8.00000000e-01  8.00000000e-01  0.00000000e+00  0.00000000e+00  0.00000000e+00 -4.57620370e-07  1.34804948e-07  3.22815410e-07  1.15819989e-14 
 8.50000000e-01  8.50000000e-01  0.00000000e+00  0.00000000e+00  0.00000000e+00 -5.32934022e-07  1.65945522e-07  3.66988488e-07  1.19173579e-14 
 9.00000000e-01  9.00000000e-01  0.00000000e+00  0.00000000e+00  0.00000000e+00 -6.20107021e-07  2.03078819e-07  4.17028190e-07  1.23138790e-14 
 9.50000000e-01  9.50000000e-01  0.00000000e+00  0.00000000e+00  0.00000000e+00 -7.20894998e-07  2.47208804e-07  4.73686177e-07  1.71747244e-14 
 1.00000000e+00  1.00000000e+00  0.00000000e+00  0.00000000e+00  0.00000000e+00 -8.37298365e-07  2.99492705e-07  5.37805580e-07  7.99635493e-14 
 1.05000000e+00  1.05000000e+00  0.00000000e+00  0.00000000e+00  0.00000000e+00 -9.71602675e-07  3.61262956e-07  6.10331584e-07  8.13495856e-12 
 1.10000000e+00  1.10000000e+00  0.00000000e+00  0.00000000e+00  0.00000000e+00 -1.12678951e-06  4.34052130e-07  6.92323249e-07  4.14127093e-10 
 1.15000000e+00  1.15000000e+00  0.00000000e+00  0.00000000e+00  0.00000000e+00 -1.31175903e-06  5.19621270e-07  7.84966760e-07  7.17100184e-09 
 1.20000000e+00  1.20000000e+00  0.00000000e+00  0.00000000e+00  0.00000000e+00 -1.57164151e-06  6.19992058e-07  8.89590584e-07  6.20588719e-08 
