 v-sweep         V(drain)        V(gate)         V(source)       V(body)         I(Vd)           I(Vg)           I(Vs)           I(Vb)          
 0.00000000e+00  0.00000000e+00  0.00000000e+00  0.00000000e+00  0.00000000e+00 -1.79595496e-20  2.72936239e-19 -1.79595496e-20 -2.37017140e-19 
 5.00000000e-02  5.00000000e-02  0.00000000e+00  0.00000000e+00  0.00000000e+00 -1.29520667e-08  1.44473315e-10  1.28075849e-08  8.55458631e-15 
 1.00000000e-01  1.00000000e-01  0.00000000e+00  0.00000000e+00  0.00000000e+00 -1.67649082e-08  3.93412642e-10  1.63714858e-08  9.79702079e-15 
 1.50000000e-01  1.50000000e-01  0.00000000e+00  0.00000000e+00  0.00000000e+00 -1.98859089e-08  7.74094541e-10  1.91118044e-08  9.98307600e-15 
 2.00000000e-01  2.00000000e-01  0.00000000e+00  0.00000000e+00  0.00000000e+00 -2.33327191e-08  1.31900522e-09  2.20137038e-08  1.00180286e-14 
 2.50000000e-01  2.50000000e-01  0.00000000e+00  0.00000000e+00  0.00000000e+00 -2.73124087e-08  2.06670495e-09  2.52456937e-08  1.00331837e-14 
 3.00000000e-01  3.00000000e-01  0.00000000e+00  0.00000000e+00  0.00000000e+00 -3.19538198e-08  3.06281659e-09  2.88909931e-08  1.00479319e-14 
 3.50000000e-01  3.50000000e-01  0.00000000e+00  0.00000000e+00  0.00000000e+00 -3.73813316e-08  4.36115939e-09  3.30201622e-08  1.00655486e-14 
 4.00000000e-01  4.00000000e-01  0.00000000e+00  0.00000000e+00  0.00000000e+00 -4.37304305e-08  6.02504947e-09  3.77053709e-08  1.00870633e-14 
 4.50000000e-01  4.50000000e-01  0.00000000e+00  0.00000000e+00  0.00000000e+00 -5.11538815e-08  8.12879065e-09  4.30250807e-08  1.01132782e-14 
 5.00000000e-01  5.00000000e-01  0.00000000e+00  0.00000000e+00  0.00000000e+00 -5.98258355e-08  1.07593821e-08  4.90664433e-08  1.01450745e-14 
 5.50000000e-01  5.50000000e-01  0.00000000e+00  0.00000000e+00  0.00000000e+00 -6.99455449e-08  1.40184730e-08  5.59270617e-08  1.01834739e-14 
 6.00000000e-01  6.00000000e-01  0.00000000e+00  0.00000000e+00  0.00000000e+00 -8.17412076e-08  1.80245981e-08  6.37165992e-08  1.02296675e-14 
 6.50000000e-01  6.50000000e-01  0.00000000e+00  0.00000000e+00  0.00000000e+00 -9.54741589e-08  2.29157329e-08  7.25584158e-08  1.02850419e-14 
 7.00000000e-01  7.00000000e-01  0.00000000e+00  0.00000000e+00  0.00000000e+00 -1.11443533e-07  2.88522113e-08  8.25913111e-08  1.03512095e-14 
 7.50000000e-01  7.50000000e-01  0.00000000e+00  0.00000000e+00  0.00000000e+00 -1.29991488e-07  3.60200565e-08  9.39714211e-08  1.04300417e-14 
 8.00000000e-01  8.00000000e-01  0.00000000e+00  0.00000000e+00  0.00000000e+00 -1.51509090e-07  4.46347796e-08  1.06874300e-07  1.05237072e-14 
 8.50000000e-01  8.50000000e-01  0.00000000e+00  0.00000000e+00  0.00000000e+00 -1.76442936e-07  5.49457092e-08  1.21497216e-07  1.06347155e-14 
 9.00000000e-01  9.00000000e-01  0.00000000e+00  0.00000000e+00  0.00000000e+00 -2.05302627e-07  6.72409242e-08  1.38061692e-07  1.07659655e-14 
 9.50000000e-01  9.50000000e-01  0.00000000e+00  0.00000000e+00  0.00000000e+00 -2.38669203e-07  8.18528699e-08  1.56816321e-07  1.23755650e-14 
 1.00000000e+00  1.00000000e+00  0.00000000e+00  0.00000000e+00  0.00000000e+00 -2.77204672e-07  9.91647483e-08  1.78039891e-07  3.32178488e-14 
 1.05000000e+00  1.05000000e+00  0.00000000e+00  0.00000000e+00  0.00000000e+00 -3.21665372e-07  1.19617786e-07  2.02044867e-07  2.71898183e-12 
 1.10000000e+00  1.10000000e+00  0.00000000e+00  0.00000000e+00  0.00000000e+00 -3.73038862e-07  1.43719496e-07  2.29181263e-07  1.38102427e-10 
 1.15000000e+00  1.15000000e+00  0.00000000e+00  0.00000000e+00  0.00000000e+00 -4.34285239e-07  1.72053065e-07  2.59840978e-07  2.39119590e-09 
 1.20000000e+00  1.20000000e+00  0.00000000e+00  0.00000000e+00  0.00000000e+00 -5.20443849e-07  2.05288011e-07  2.94462667e-07  2.06931713e-08 

