 v-sweep         V(drain)        V(gate)         V(source)       V(body)         I(Vd)           I(Vg)           I(Vs)           I(Vb)          
 0.00000000e+00  0.00000000e+00  0.00000000e+00  0.00000000e+00  0.00000000e+00 -1.08663723e-19  1.65140085e-18 -1.08663723e-19 -1.43407340e-18 
 5.00000000e-02  5.00000000e-02  0.00000000e+00  0.00000000e+00  0.00000000e+00 -7.83724862e-08  8.74135558e-10  7.74983420e-08  8.56199769e-15 
 1.00000000e-01  1.00000000e-01  0.00000000e+00  0.00000000e+00  0.00000000e+00 -1.01443699e-07  2.38034150e-09  9.90633479e-08  9.82918642e-15 
 1.50000000e-01  1.50000000e-01  0.00000000e+00  0.00000000e+00  0.00000000e+00 -1.20328358e-07  4.68365310e-09  1.15644695e-07  1.00506004e-14 
 2.00000000e-01  2.00000000e-01  0.00000000e+00  0.00000000e+00  0.00000000e+00 -1.41184674e-07  7.98062554e-09  1.33204038e-07  1.01312541e-14 
 2.50000000e-01  2.50000000e-01  0.00000000e+00  0.00000000e+00  0.00000000e+00 -1.65265642e-07  1.25045634e-08  1.52761068e-07  1.02040443e-14 
 3.00000000e-01  3.00000000e-01  0.00000000e+00  0.00000000e+00  0.00000000e+00 -1.93350949e-07  1.85315009e-08  1.74819438e-07  1.02905748e-14 
 3.50000000e-01  3.50000000e-01  0.00000000e+00  0.00000000e+00  0.00000000e+00 -2.26193345e-07  2.63870609e-08  1.99806274e-07  1.03968166e-14 
 4.00000000e-01  4.00000000e-01  0.00000000e+00  0.00000000e+00  0.00000000e+00 -2.64612854e-07  3.64543217e-08  2.28158522e-07  1.05269985e-14 
 4.50000000e-01  4.50000000e-01  0.00000000e+00  0.00000000e+00  0.00000000e+00 -3.09534148e-07  4.91828348e-08  2.60351302e-07  1.06856880e-14 
 5.00000000e-01  5.00000000e-01  0.00000000e+00  0.00000000e+00  0.00000000e+00 -3.62011422e-07  6.50989537e-08  2.96912458e-07  1.08781808e-14 
 5.50000000e-01  5.50000000e-01  0.00000000e+00  0.00000000e+00  0.00000000e+00 -4.23250924e-07  8.48176563e-08  3.38433256e-07  1.11106608e-14 
 6.00000000e-01  6.00000000e-01  0.00000000e+00  0.00000000e+00  0.00000000e+00 -4.94634266e-07  1.09056064e-07  3.85578190e-07  1.13903424e-14 
 6.50000000e-01  6.50000000e-01  0.00000000e+00  0.00000000e+00  0.00000000e+00 -5.77743867e-07  1.38648894e-07  4.39094961e-07  1.17256295e-14 
 7.00000000e-01  7.00000000e-01  0.00000000e+00  0.00000000e+00  0.00000000e+00 -6.74391250e-07  1.74566099e-07  4.99825139e-07  1.21262942e-14 
 7.50000000e-01  7.50000000e-01  0.00000000e+00  0.00000000e+00  0.00000000e+00 -7.86648802e-07  2.17933007e-07  5.68715782e-07  1.26036829e-14 
 8.00000000e-01  8.00000000e-01  0.00000000e+00  0.00000000e+00  0.00000000e+00 -9.16885519e-07  2.70053280e-07  6.46832225e-07  1.31709486e-14 
 8.50000000e-01  8.50000000e-01  0.00000000e+00  0.00000000e+00  0.00000000e+00 -1.06780732e-06  3.32435081e-07  7.35372228e-07  1.38433159e-14 
 9.00000000e-01  9.00000000e-01  0.00000000e+00  0.00000000e+00  0.00000000e+00 -1.24250256e-06  4.06820879e-07  8.35681667e-07  1.46383815e-14 
 9.50000000e-01  9.50000000e-01  0.00000000e+00  0.00000000e+00  0.00000000e+00 -1.44449340e-06  4.95221378e-07  9.49272001e-07  2.43795209e-14 
 1.00000000e+00  1.00000000e+00  0.00000000e+00  0.00000000e+00  0.00000000e+00 -1.67779400e-06  5.99954103e-07  1.07783974e-06  1.50034073e-13 
 1.05000000e+00  1.05000000e+00  0.00000000e+00  0.00000000e+00  0.00000000e+00 -1.94699175e-06  7.23687285e-07  1.22328823e-06  1.62352478e-11 
 1.10000000e+00  1.10000000e+00  0.00000000e+00  0.00000000e+00  0.00000000e+00 -2.25806882e-06  8.69489712e-07  1.38775200e-06  8.27107526e-10 
 1.15000000e+00  1.15000000e+00  0.00000000e+00  0.00000000e+00  0.00000000e+00 -2.62883622e-06  1.04088736e-06  1.57362443e-06  1.43244295e-08 
 1.20000000e+00  1.20000000e+00  0.00000000e+00  0.00000000e+00  0.00000000e+00 -3.14949522e-06  1.24192764e-06  1.78359002e-06  1.23977552e-07 
