 v-sweep         V(drain)        V(gate)         V(source)       V(body)         I(Vd)           I(Vg)           I(Vs)           I(Vb)          
 0.00000000e+00  0.00000000e+00  0.00000000e+00  0.00000000e+00  0.00000000e+00 -7.23822494e-20  1.10001540e-18 -7.23822494e-20 -9.55250898e-19 
 5.00000000e-02  5.00000000e-02  0.00000000e+00  0.00000000e+00  0.00000000e+00 -5.22042978e-08  5.82270964e-10  5.16220182e-08  8.55903172e-15 
 1.00000000e-01  1.00000000e-01  0.00000000e+00  0.00000000e+00  0.00000000e+00 -6.75721170e-08  1.58557111e-09  6.59865361e-08  9.81631628e-15 
 1.50000000e-01  1.50000000e-01  0.00000000e+00  0.00000000e+00  0.00000000e+00 -8.01512314e-08  3.11983277e-09  7.70313886e-08  1.00235830e-14 
 2.00000000e-01  2.00000000e-01  0.00000000e+00  0.00000000e+00  0.00000000e+00 -9.40436081e-08  5.31598440e-09  8.87276137e-08  1.00859507e-14 
 2.50000000e-01  2.50000000e-01  0.00000000e+00  0.00000000e+00  0.00000000e+00 -1.10083843e-07  8.32943429e-09  1.01754399e-07  1.01356791e-14 
 3.00000000e-01  3.00000000e-01  0.00000000e+00  0.00000000e+00  0.00000000e+00 -1.28791247e-07  1.23440543e-08  1.16447183e-07  1.01934861e-14 
 3.50000000e-01  3.50000000e-01  0.00000000e+00  0.00000000e+00  0.00000000e+00 -1.50667166e-07  1.75767494e-08  1.33090406e-07  1.02642638e-14 
 4.00000000e-01  4.00000000e-01  0.00000000e+00  0.00000000e+00  0.00000000e+00 -1.76257730e-07  2.42826980e-08  1.51975022e-07  1.03509601e-14 
 4.50000000e-01  4.50000000e-01  0.00000000e+00  0.00000000e+00  0.00000000e+00 -2.06178744e-07  3.27613600e-08  1.73417373e-07  1.04566351e-14 
 5.00000000e-01  5.00000000e-01  0.00000000e+00  0.00000000e+00  0.00000000e+00 -2.41132239e-07  4.33633586e-08  1.97768870e-07  1.05848173e-14 
 5.50000000e-01  5.50000000e-01  0.00000000e+00  0.00000000e+00  0.00000000e+00 -2.81921465e-07  5.64983560e-08  2.25423098e-07  1.07396231e-14 
 6.00000000e-01  6.00000000e-01  0.00000000e+00  0.00000000e+00  0.00000000e+00 -3.29466399e-07  7.26440624e-08  2.56822325e-07  1.09258549e-14 
 6.50000000e-01  6.50000000e-01  0.00000000e+00  0.00000000e+00  0.00000000e+00 -3.84820660e-07  9.23565305e-08  2.92464118e-07  1.11491055e-14 
 7.00000000e-01  7.00000000e-01  0.00000000e+00  0.00000000e+00  0.00000000e+00 -4.49190325e-07  1.16281913e-07  3.32908401e-07  1.14158782e-14 
 7.50000000e-01  7.50000000e-01  0.00000000e+00  0.00000000e+00  0.00000000e+00 -5.23955032e-07  1.45169881e-07  3.78785139e-07  1.17337219e-14 
 8.00000000e-01  8.00000000e-01  0.00000000e+00  0.00000000e+00  0.00000000e+00 -6.10691725e-07  1.79888926e-07  4.30802787e-07  1.21113866e-14 
 8.50000000e-01  8.50000000e-01  0.00000000e+00  0.00000000e+00  0.00000000e+00 -7.11201429e-07  2.21443804e-07  4.89757613e-07  1.25589981e-14 
 9.00000000e-01  9.00000000e-01  0.00000000e+00  0.00000000e+00  0.00000000e+00 -8.27539443e-07  2.70995402e-07  5.56544027e-07  1.30882567e-14 
 9.50000000e-01  9.50000000e-01  0.00000000e+00  0.00000000e+00  0.00000000e+00 -9.62049436e-07  3.29883360e-07  6.32166057e-07  1.95752722e-14 
 1.00000000e+00  1.00000000e+00  0.00000000e+00  0.00000000e+00  0.00000000e+00 -1.11740200e-06  3.99651800e-07  7.17750100e-07  1.03328702e-13 
 1.05000000e+00  1.05000000e+00  0.00000000e+00  0.00000000e+00  0.00000000e+00 -1.29664859e-06  4.82078596e-07  8.14559155e-07  1.08391574e-11 
 1.10000000e+00  1.10000000e+00  0.00000000e+00  0.00000000e+00  0.00000000e+00 -1.50376931e-06  5.79208632e-07  9.24008707e-07  5.51970328e-10 
 1.15000000e+00  1.15000000e+00  0.00000000e+00  0.00000000e+00  0.00000000e+00 -1.75063449e-06  6.93391583e-07  1.04768461e-06  9.55829921e-09 
 1.20000000e+00  1.20000000e+00  0.00000000e+00  0.00000000e+00  0.00000000e+00 -2.09740942e-06  8.27324812e-07  1.18736367e-06  8.27209387e-08 
