 3.00000000e+01  1.00000000e-02  1.00000000e-02  0.00000000e+00  0.00000000e+00  0.00000000e+00 -1.87681808e-08  8.74235966e-11  1.86807540e-08  3.17973736e-15 
 3.00000000e+01  2.00000000e-02  2.00000000e-02  0.00000000e+00  0.00000000e+00  0.00000000e+00 -3.33894806e-08  1.88641799e-10  3.32008334e-08  5.34953672e-15 
 3.00000000e+01  3.00000000e-02  3.00000000e-02  0.00000000e+00  0.00000000e+00  0.00000000e+00 -4.43321907e-08  3.04362297e-10  4.40278215e-08  6.83012765e-15 
 3.00000000e+01  4.00000000e-02  4.00000000e-02  0.00000000e+00  0.00000000e+00  0.00000000e+00 -5.23069782e-08  4.35318600e-10  5.18716517e-08  7.84096748e-15 
 3.00000000e+01  5.00000000e-02  5.00000000e-02  0.00000000e+00  0.00000000e+00  0.00000000e+00 -5.81488711e-08  5.82270964e-10  5.75665916e-08  8.53166932e-15 
 3.00000000e+01  6.00000000e-02  6.00000000e-02  0.00000000e+00  0.00000000e+00  0.00000000e+00 -6.26172080e-08  7.46007302e-10  6.18711917e-08  9.00420414e-15 
 3.00000000e+01  7.00000000e-02  7.00000000e-02  0.00000000e+00  0.00000000e+00  0.00000000e+00 -6.62676493e-08  9.27344116e-10  6.53402958e-08  9.32807225e-15 
 3.00000000e+01  8.00000000e-02  8.00000000e-02  0.00000000e+00  0.00000000e+00  0.00000000e+00 -6.94524744e-08  1.12712744e-09  6.83253374e-08  9.55065427e-15 
 3.00000000e+01  9.00000000e-02  9.00000000e-02  0.00000000e+00  0.00000000e+00  0.00000000e+00 -7.23804718e-08  1.34623378e-09  7.10342283e-08  9.70425951e-15 
 3.00000000e+01  1.00000000e-01  1.00000000e-01  0.00000000e+00  0.00000000e+00  0.00000000e+00 -7.51739591e-08  1.58557111e-09  7.35883782e-08  9.81092389e-15 
 3.00000000e+01  1.10000000e-01  1.10000000e-01  0.00000000e+00  0.00000000e+00  0.00000000e+00 -7.79061237e-08  1.84607990e-09  7.60600340e-08  9.88567837e-15 
 3.00000000e+01  1.20000000e-01  1.20000000e-01  0.00000000e+00  0.00000000e+00  0.00000000e+00 -8.06224373e-08  2.12873406e-09  7.84936933e-08  9.93877698e-15 
 3.00000000e+01  1.30000000e-01  1.30000000e-01  0.00000000e+00  0.00000000e+00  0.00000000e+00 -8.33524585e-08  2.43454207e-09  8.09179065e-08  9.97721601e-15 
 3.00000000e+01  1.40000000e-01  1.40000000e-01  0.00000000e+00  0.00000000e+00  0.00000000e+00 -8.61163528e-08  2.76454803e-09  8.33517947e-08  1.00057702e-14 
 3.00000000e+01  1.50000000e-01  1.50000000e-01  0.00000000e+00  0.00000000e+00  0.00000000e+00 -8.89285701e-08  3.11983277e-09  8.58087273e-08  1.00276994e-14 
 3.00000000e+01  1.60000000e-01  1.60000000e-01  0.00000000e+00  0.00000000e+00  0.00000000e+00 -9.17999797e-08  3.50151499e-09  8.82984547e-08  1.00452304e-14 
 3.00000000e+01  1.70000000e-01  1.70000000e-01  0.00000000e+00  0.00000000e+00  0.00000000e+00 -9.47391474e-08  3.91075242e-09  9.08283849e-08  1.00598859e-14 
 3.00000000e+01  1.80000000e-01  1.80000000e-01  0.00000000e+00  0.00000000e+00  0.00000000e+00 -9.77531243e-08  4.34874304e-09  9.34043712e-08  1.00727085e-14 
 3.00000000e+01  1.90000000e-01  1.90000000e-01  0.00000000e+00  0.00000000e+00  0.00000000e+00 -1.00847948e-07  4.81672630e-09  9.60312114e-08  1.00844135e-14 
 3.00000000e+01  2.00000000e-01  2.00000000e-01  0.00000000e+00  0.00000000e+00  0.00000000e+00 -1.04028969e-07  5.31598440e-09  9.87129743e-08  1.00954934e-14 
 3.00000000e+01  2.10000000e-01  2.10000000e-01  0.00000000e+00  0.00000000e+00  0.00000000e+00 -1.07301071e-07  5.84784360e-09  1.01453217e-07  1.01062887e-14 
 3.00000000e+01  2.20000000e-01  2.20000000e-01  0.00000000e+00  0.00000000e+00  0.00000000e+00 -1.10668821e-07  6.41367554e-09  1.04255135e-07  1.01170366e-14 
 3.00000000e+01  2.30000000e-01  2.30000000e-01  0.00000000e+00  0.00000000e+00  0.00000000e+00 -1.14136575e-07  7.01489862e-09  1.07121666e-07  1.01279042e-14 
 3.00000000e+01  2.40000000e-01  2.40000000e-01  0.00000000e+00  0.00000000e+00  0.00000000e+00 -1.17708553e-07  7.65297945e-09  1.10055563e-07  1.01390105e-14 
 3.00000000e+01  2.50000000e-01  2.50000000e-01  0.00000000e+00  0.00000000e+00  0.00000000e+00 -1.21388896e-07  8.32943429e-09  1.13059451e-07  1.01504425e-14 
 3.00000000e+01  2.60000000e-01  2.60000000e-01  0.00000000e+00  0.00000000e+00  0.00000000e+00 -1.25181706e-07  9.04583050e-09  1.16135865e-07  1.01622650e-14 
 3.00000000e+01  2.70000000e-01  2.70000000e-01  0.00000000e+00  0.00000000e+00  0.00000000e+00 -1.29091079e-07  9.80378817e-09  1.19287280e-07  1.01745284e-14 
 3.00000000e+01  2.80000000e-01  2.80000000e-01  0.00000000e+00  0.00000000e+00  0.00000000e+00 -1.33121128e-07  1.06049816e-08  1.22516136e-07  1.01872730e-14 
 3.00000000e+01  2.90000000e-01  2.90000000e-01  0.00000000e+00  0.00000000e+00  0.00000000e+00 -1.37276004e-07  1.14511411e-08  1.25824853e-07  1.02005328e-14 
 3.00000000e+01  3.00000000e-01  3.00000000e-01  0.00000000e+00  0.00000000e+00  0.00000000e+00 -1.41559911e-07  1.23440543e-08  1.29215846e-07  1.02143375e-14 
 3.00000000e+01  3.10000000e-01  3.10000000e-01  0.00000000e+00  0.00000000e+00  0.00000000e+00 -1.45977118e-07  1.32855684e-08  1.32691539e-07  1.02287143e-14 
 3.00000000e+01  3.20000000e-01  3.20000000e-01  0.00000000e+00  0.00000000e+00  0.00000000e+00 -1.50531972e-07  1.42775915e-08  1.36254370e-07  1.02436885e-14 
 3.00000000e+01  3.30000000e-01  3.30000000e-01  0.00000000e+00  0.00000000e+00  0.00000000e+00 -1.55228906e-07  1.53220944e-08  1.39906801e-07  1.02592849e-14 
 3.00000000e+01  3.40000000e-01  3.40000000e-01  0.00000000e+00  0.00000000e+00  0.00000000e+00 -1.60072448e-07  1.64211130e-08  1.43651325e-07  1.02755278e-14 
 3.00000000e+01  3.50000000e-01  3.50000000e-01  0.00000000e+00  0.00000000e+00  0.00000000e+00 -1.65067227e-07  1.75767494e-08  1.47490467e-07  1.02924415e-14 
 3.00000000e+01  3.60000000e-01  3.60000000e-01  0.00000000e+00  0.00000000e+00  0.00000000e+00 -1.70217981e-07  1.87911746e-08  1.51426796e-07  1.03100505e-14 
 3.00000000e+01  3.70000000e-01  3.70000000e-01  0.00000000e+00  0.00000000e+00  0.00000000e+00 -1.75529563e-07  2.00666302e-08  1.55462922e-07  1.03283800e-14 
 3.00000000e+01  3.80000000e-01  3.80000000e-01  0.00000000e+00  0.00000000e+00  0.00000000e+00 -1.81006945e-07  2.14054304e-08  1.59601505e-07  1.03474555e-14 
 3.00000000e+01  3.90000000e-01  3.90000000e-01  0.00000000e+00  0.00000000e+00  0.00000000e+00 -1.86655228e-07  2.28099643e-08  1.63845254e-07  1.03673033e-14 
 3.00000000e+01  4.00000000e-01  4.00000000e-01  0.00000000e+00  0.00000000e+00  0.00000000e+00 -1.92479641e-07  2.42826980e-08  1.68196933e-07  1.03879503e-14 
 3.00000000e+01  4.10000000e-01  4.10000000e-01  0.00000000e+00  0.00000000e+00  0.00000000e+00 -1.98485551e-07  2.58261769e-08  1.72659363e-07  1.04094242e-14 
 3.00000000e+01  4.20000000e-01  4.20000000e-01  0.00000000e+00  0.00000000e+00  0.00000000e+00 -2.04678464e-07  2.74430281e-08  1.77235425e-07  1.04317538e-14 
 3.00000000e+01  4.30000000e-01  4.30000000e-01  0.00000000e+00  0.00000000e+00  0.00000000e+00 -2.11064034e-07  2.91359626e-08  1.81928061e-07  1.04549685e-14 
 3.00000000e+01  4.40000000e-01  4.40000000e-01  0.00000000e+00  0.00000000e+00  0.00000000e+00 -2.17648066e-07  3.09077777e-08  1.86740277e-07  1.04790986e-14 
 3.00000000e+01  4.50000000e-01  4.50000000e-01  0.00000000e+00  0.00000000e+00  0.00000000e+00 -2.24436519e-07  3.27613600e-08  1.91675148e-07  1.05041755e-14 
 3.00000000e+01  4.60000000e-01  4.60000000e-01  0.00000000e+00  0.00000000e+00  0.00000000e+00 -2.31435514e-07  3.46996873e-08  1.96735816e-07  1.05302314e-14 
 3.00000000e+01  4.70000000e-01  4.70000000e-01  0.00000000e+00  0.00000000e+00  0.00000000e+00 -2.38651337e-07  3.67258317e-08  2.01925495e-07  1.05572997e-14 
 3.00000000e+01  4.80000000e-01  4.80000000e-01  0.00000000e+00  0.00000000e+00  0.00000000e+00 -2.46090444e-07  3.88429622e-08  2.07247472e-07  1.05854148e-14 
 3.00000000e+01  4.90000000e-01  4.90000000e-01  0.00000000e+00  0.00000000e+00  0.00000000e+00 -2.53759468e-07  4.10543474e-08  2.12705110e-07  1.06146119e-14 
 3.00000000e+01  5.00000000e-01  5.00000000e-01  0.00000000e+00  0.00000000e+00  0.00000000e+00 -2.61665218e-07  4.33633586e-08  2.18301849e-07  1.06449277e-14 
 3.00000000e+01  5.10000000e-01  5.10000000e-01  0.00000000e+00  0.00000000e+00  0.00000000e+00 -2.69814694e-07  4.57734725e-08  2.24041211e-07  1.06763998e-14 
 3.00000000e+01  5.20000000e-01  5.20000000e-01  0.00000000e+00  0.00000000e+00  0.00000000e+00 -2.78215083e-07  4.82882745e-08  2.29926798e-07  1.07090670e-14 
 3.00000000e+01  5.30000000e-01  5.30000000e-01  0.00000000e+00  0.00000000e+00  0.00000000e+00 -2.86873768e-07  5.09114615e-08  2.35962296e-07  1.07429693e-14 
 3.00000000e+01  5.40000000e-01  5.40000000e-01  0.00000000e+00  0.00000000e+00  0.00000000e+00 -2.95798335e-07  5.36468453e-08  2.42151479e-07  1.07781479e-14 
 3.00000000e+01  5.50000000e-01  5.50000000e-01  0.00000000e+00  0.00000000e+00  0.00000000e+00 -3.04996575e-07  5.64983560e-08  2.48498208e-07  1.08146454e-14 
 3.00000000e+01  5.60000000e-01  5.60000000e-01  0.00000000e+00  0.00000000e+00  0.00000000e+00 -3.14476493e-07  5.94700449e-08  2.55006437e-07  1.08525057e-14 
 3.00000000e+01  5.70000000e-01  5.70000000e-01  0.00000000e+00  0.00000000e+00  0.00000000e+00 -3.24246310e-07  6.25660886e-08  2.61680210e-07  1.08917737e-14 
 3.00000000e+01  5.80000000e-01  5.80000000e-01  0.00000000e+00  0.00000000e+00  0.00000000e+00 -3.34314472e-07  6.57907919e-08  2.68523669e-07  1.09324962e-14 
 3.00000000e+01  5.90000000e-01  5.90000000e-01  0.00000000e+00  0.00000000e+00  0.00000000e+00 -3.44689655e-07  6.91485922e-08  2.75541052e-07  1.09747211e-14 
 3.00000000e+01  6.00000000e-01  6.00000000e-01  0.00000000e+00  0.00000000e+00  0.00000000e+00 -3.55380772e-07  7.26440624e-08  2.82736698e-07  1.10184977e-14 
 3.00000000e+01  6.10000000e-01  6.10000000e-01  0.00000000e+00  0.00000000e+00  0.00000000e+00 -3.66396975e-07  7.62819154e-08  2.90115048e-07  1.10638771e-14 
 3.00000000e+01  6.20000000e-01  6.20000000e-01  0.00000000e+00  0.00000000e+00  0.00000000e+00 -3.77747666e-07  8.00670080e-08  2.97680647e-07  1.11109116e-14 
 3.00000000e+01  6.30000000e-01  6.30000000e-01  0.00000000e+00  0.00000000e+00  0.00000000e+00 -3.89442504e-07  8.40043444e-08  3.05438149e-07  1.11596553e-14 
 3.00000000e+01  6.40000000e-01  6.40000000e-01  0.00000000e+00  0.00000000e+00  0.00000000e+00 -4.01491408e-07  8.80990810e-08  3.13392316e-07  1.12101639e-14 
 3.00000000e+01  6.50000000e-01  6.50000000e-01  0.00000000e+00  0.00000000e+00  0.00000000e+00 -4.13904564e-07  9.23565305e-08  3.21548022e-07  1.12624948e-14 
 3.00000000e+01  6.60000000e-01  6.60000000e-01  0.00000000e+00  0.00000000e+00  0.00000000e+00 -4.26692437e-07  9.67821661e-08  3.29910259e-07  1.13167070e-14 
 3.00000000e+01  6.70000000e-01  6.70000000e-01  0.00000000e+00  0.00000000e+00  0.00000000e+00 -4.39865771e-07  1.01381626e-07  3.38484133e-07  1.13728614e-14 
 3.00000000e+01  6.80000000e-01  6.80000000e-01  0.00000000e+00  0.00000000e+00  0.00000000e+00 -4.53435602e-07  1.06160719e-07  3.47274872e-07  1.14310207e-14 
 3.00000000e+01  6.90000000e-01  6.90000000e-01  0.00000000e+00  0.00000000e+00  0.00000000e+00 -4.67413265e-07  1.11125427e-07  3.56287826e-07  1.14912493e-14 
 3.00000000e+01  7.00000000e-01  7.00000000e-01  0.00000000e+00  0.00000000e+00  0.00000000e+00 -4.81810396e-07  1.16281913e-07  3.65528471e-07  1.15536138e-14 
 3.00000000e+01  7.10000000e-01  7.10000000e-01  0.00000000e+00  0.00000000e+00  0.00000000e+00 -4.96638948e-07  1.21636523e-07  3.75002413e-07  1.16181825e-14 
 3.00000000e+01  7.20000000e-01  7.20000000e-01  0.00000000e+00  0.00000000e+00  0.00000000e+00 -5.11911193e-07  1.27195793e-07  3.84715388e-07  1.16850259e-14 
 3.00000000e+01  7.30000000e-01  7.30000000e-01  0.00000000e+00  0.00000000e+00  0.00000000e+00 -5.27639732e-07  1.32966454e-07  3.94673266e-07  1.17542166e-14 
 3.00000000e+01  7.40000000e-01  7.40000000e-01  0.00000000e+00  0.00000000e+00  0.00000000e+00 -5.43837505e-07  1.38955438e-07  4.04882056e-07  1.18258293e-14 
 3.00000000e+01  7.50000000e-01  7.50000000e-01  0.00000000e+00  0.00000000e+00  0.00000000e+00 -5.60517798e-07  1.45169881e-07  4.15347906e-07  1.18999407e-14 
 3.00000000e+01  7.60000000e-01  7.60000000e-01  0.00000000e+00  0.00000000e+00  0.00000000e+00 -5.77694252e-07  1.51617132e-07  4.26077108e-07  1.19766302e-14 
 3.00000000e+01  7.70000000e-01  7.70000000e-01  0.00000000e+00  0.00000000e+00  0.00000000e+00 -5.95380872e-07  1.58304757e-07  4.37076103e-07  1.20559790e-14 
 3.00000000e+01  7.80000000e-01  7.80000000e-01  0.00000000e+00  0.00000000e+00  0.00000000e+00 -6.13592038e-07  1.65240546e-07  4.48351480e-07  1.21380711e-14 
 3.00000000e+01  7.90000000e-01  7.90000000e-01  0.00000000e+00  0.00000000e+00  0.00000000e+00 -6.32342510e-07  1.72432517e-07  4.59909981e-07  1.22229928e-14 
 3.00000000e+01  8.00000000e-01  8.00000000e-01  0.00000000e+00  0.00000000e+00  0.00000000e+00 -6.51647444e-07  1.79888926e-07  4.71758506e-07  1.23108328e-14 
 3.00000000e+01  8.10000000e-01  8.10000000e-01  0.00000000e+00  0.00000000e+00  0.00000000e+00 -6.71522398e-07  1.87618269e-07  4.83904116e-07  1.24016826e-14 
 3.00000000e+01  8.20000000e-01  8.20000000e-01  0.00000000e+00  0.00000000e+00  0.00000000e+00 -6.91983342e-07  1.95629294e-07  4.96354035e-07  1.24956361e-14 
 3.00000000e+01  8.30000000e-01  8.30000000e-01  0.00000000e+00  0.00000000e+00  0.00000000e+00 -7.13046670e-07  2.03931003e-07  5.09115654e-07  1.25927902e-14 
 3.00000000e+01  8.40000000e-01  8.40000000e-01  0.00000000e+00  0.00000000e+00  0.00000000e+00 -7.34729210e-07  2.12532661e-07  5.22196537e-07  1.26932444e-14 
 3.00000000e+01  8.50000000e-01  8.50000000e-01  0.00000000e+00  0.00000000e+00  0.00000000e+00 -7.57048237e-07  2.21443804e-07  5.35604421e-07  1.27971011e-14 
 3.00000000e+01  8.60000000e-01  8.60000000e-01  0.00000000e+00  0.00000000e+00  0.00000000e+00 -7.80021480e-07  2.30674245e-07  5.49347222e-07  1.29044657e-14 
 3.00000000e+01  8.70000000e-01  8.70000000e-01  0.00000000e+00  0.00000000e+00  0.00000000e+00 -8.03667137e-07  2.40234082e-07  5.63433041e-07  1.30154465e-14 
 3.00000000e+01  8.80000000e-01  8.80000000e-01  0.00000000e+00  0.00000000e+00  0.00000000e+00 -8.28003885e-07  2.50133708e-07  5.77870164e-07  1.31301552e-14 
 3.00000000e+01  8.90000000e-01  8.90000000e-01  0.00000000e+00  0.00000000e+00  0.00000000e+00 -8.53050896e-07  2.60383814e-07  5.92667068e-07  1.32487062e-14 
 3.00000000e+01  9.00000000e-01  9.00000000e-01  0.00000000e+00  0.00000000e+00  0.00000000e+00 -8.78827841e-07  2.70995402e-07  6.07832426e-07  1.33712177e-14 
 3.00000000e+01  9.10000000e-01  9.10000000e-01  0.00000000e+00  0.00000000e+00  0.00000000e+00 -9.05354914e-07  2.81979792e-07  6.23375108e-07  1.34978109e-14 
 3.00000000e+01  9.20000000e-01  9.20000000e-01  0.00000000e+00  0.00000000e+00  0.00000000e+00 -9.32652834e-07  2.93348629e-07  6.39304191e-07  1.36286107e-14 
 3.00000000e+01  9.30000000e-01  9.30000000e-01  0.00000000e+00  0.00000000e+00  0.00000000e+00 -9.60742867e-07  3.05113894e-07  6.55628959e-07  1.45353714e-14 
 3.00000000e+01  9.40000000e-01  9.40000000e-01  0.00000000e+00  0.00000000e+00  0.00000000e+00 -9.89646835e-07  3.17287911e-07  6.72358907e-07  1.68576442e-14 
 3.00000000e+01  9.50000000e-01  9.50000000e-01  0.00000000e+00  0.00000000e+00  0.00000000e+00 -1.01938713e-06  3.29883360e-07  6.89503750e-07  2.02830067e-14 
 3.00000000e+01  9.60000000e-01  9.60000000e-01  0.00000000e+00  0.00000000e+00  0.00000000e+00 -1.04998673e-06  3.42913281e-07  7.07073424e-07  2.53080927e-14 
 3.00000000e+01  9.70000000e-01  9.70000000e-01  0.00000000e+00  0.00000000e+00  0.00000000e+00 -1.08146922e-06  3.56391091e-07  7.25078093e-07  3.27206896e-14 
 3.00000000e+01  9.80000000e-01  9.80000000e-01  0.00000000e+00  0.00000000e+00  0.00000000e+00 -1.11385878e-06  3.70330586e-07  7.43528151e-07  4.41362701e-14 
 3.00000000e+01  9.90000000e-01  9.90000000e-01  0.00000000e+00  0.00000000e+00  0.00000000e+00 -1.14718025e-06  3.84745957e-07  7.62434231e-07  6.41574314e-14 
 3.00000000e+01  1.00000000e+00  1.00000000e+00  0.00000000e+00  0.00000000e+00  0.00000000e+00 -1.18145912e-06  3.99651800e-07  7.81807209e-07  1.08107524e-13 
 3.00000000e+01  1.01000000e+00  1.01000000e+00  0.00000000e+00  0.00000000e+00  0.00000000e+00 -1.21672156e-06  4.15063125e-07  8.01658206e-07  2.26125875e-13 
 3.00000000e+01  1.02000000e+00  1.02000000e+00  0.00000000e+00  0.00000000e+00  0.00000000e+00 -1.25299454e-06  4.30995367e-07  8.21998600e-07  5.69090227e-13 
 3.00000000e+01  1.03000000e+00  1.03000000e+00  0.00000000e+00  0.00000000e+00  0.00000000e+00 -1.29030597e-06  4.47464401e-07  8.42840023e-07  1.54936336e-12 
 3.00000000e+01  1.04000000e+00  1.04000000e+00  0.00000000e+00  0.00000000e+00  0.00000000e+00 -1.32868512e-06  4.64486550e-07  8.64194376e-07  4.19519280e-12 
 3.00000000e+01  1.05000000e+00  1.05000000e+00  0.00000000e+00  0.00000000e+00  0.00000000e+00 -1.36816329e-06  4.82078596e-07  8.86073827e-07  1.08661692e-11 
 3.00000000e+01  1.06000000e+00  1.06000000e+00  0.00000000e+00  0.00000000e+00  0.00000000e+00 -1.40877521e-06  5.00257800e-07  9.08490823e-07  2.65902570e-11 
 3.00000000e+01  1.07000000e+00  1.07000000e+00  0.00000000e+00  0.00000000e+00  0.00000000e+00 -1.45056139e-06  5.19041903e-07  9.31458090e-07  6.13983500e-11 
 3.00000000e+01  1.08000000e+00  1.08000000e+00  0.00000000e+00  0.00000000e+00  0.00000000e+00 -1.49357196e-06  5.38449152e-07  9.54988645e-07  1.34163346e-10 
 3.00000000e+01  1.09000000e+00  1.09000000e+00  0.00000000e+00  0.00000000e+00  0.00000000e+00 -1.53787269e-06  5.58498300e-07  9.79095800e-07  2.78586561e-10 
 3.00000000e+01  1.10000000e+00  1.10000000e+00  0.00000000e+00  0.00000000e+00  0.00000000e+00 -1.58355390e-06  5.79208632e-07  1.00379317e-06  5.52101398e-10 
 3.00000000e+01  1.11000000e+00  1.11000000e+00  0.00000000e+00  0.00000000e+00  0.00000000e+00 -1.63074321e-06  6.00599971e-07  1.02909467e-06  1.04856809e-09 
 3.00000000e+01  1.12000000e+00  1.12000000e+00  0.00000000e+00  0.00000000e+00  0.00000000e+00 -1.67962294e-06  6.22692693e-07  1.05501455e-06  1.91570108e-09 
 3.00000000e+01  1.13000000e+00  1.13000000e+00  0.00000000e+00  0.00000000e+00  0.00000000e+00 -1.73045329e-06  6.45507748e-07  1.08156735e-06  3.37819147e-09 
 3.00000000e+01  1.14000000e+00  1.14000000e+00  0.00000000e+00  0.00000000e+00  0.00000000e+00 -1.78360211e-06  6.69066667e-07  1.10876799e-06  5.76745581e-09 
 3.00000000e+01  1.15000000e+00  1.15000000e+00  0.00000000e+00  0.00000000e+00  0.00000000e+00 -1.83958212e-06  6.93391583e-07  1.13663168e-06  9.55885652e-09 
 3.00000000e+01  1.16000000e+00  1.16000000e+00  0.00000000e+00  0.00000000e+00  0.00000000e+00 -1.89909634e-06  7.18505244e-07  1.16517400e-06  1.54171029e-08 
 3.00000000e+01  1.17000000e+00  1.17000000e+00  0.00000000e+00  0.00000000e+00  0.00000000e+00 -1.96309228e-06  7.44431032e-07  1.19441088e-06  2.42503610e-08 
 3.00000000e+01  1.18000000e+00  1.18000000e+00  0.00000000e+00  0.00000000e+00  0.00000000e+00 -2.03282500e-06  7.71192977e-07  1.22435864e-06  3.72733874e-08 
 3.00000000e+01  1.19000000e+00  1.19000000e+00  0.00000000e+00  0.00000000e+00  0.00000000e+00 -2.10992947e-06  7.98815777e-07  1.25503393e-06  5.60797616e-08 
 3.00000000e+01  1.20000000e+00  1.20000000e+00  0.00000000e+00  0.00000000e+00  0.00000000e+00 -2.19650169e-06  8.27324812e-07  1.28645383e-06  8.27230509e-08 
