 3.00000000e+01  1.00000000e-02  0.00000000e+00  1.00000000e-02  0.00000000e+00  0.00000000e+00  1.11560971e-10 -2.23123866e-10  1.11560971e-10  1.92543650e-15 
 3.00000000e+01  2.00000000e-02  0.00000000e+00  2.00000000e-02  0.00000000e+00  0.00000000e+00  2.04427129e-10 -4.08858179e-10  2.04427129e-10  3.92148251e-15 
 3.00000000e+01  3.00000000e-02  0.00000000e+00  3.00000000e-02  0.00000000e+00  0.00000000e+00  2.79553316e-10 -5.59112621e-10  2.79553316e-10  5.98793472e-15 
 3.00000000e+01  4.00000000e-02  0.00000000e+00  4.00000000e-02  0.00000000e+00  0.00000000e+00  3.37861738e-10 -6.75731603e-10  3.37861738e-10  8.12631995e-15 
 3.00000000e+01  5.00000000e-02  0.00000000e+00  5.00000000e-02  0.00000000e+00  0.00000000e+00  3.80243969e-10 -7.60498276e-10  3.80243969e-10  1.03382885e-14 
 3.00000000e+01  6.00000000e-02  0.00000000e+00  6.00000000e-02  0.00000000e+00  0.00000000e+00  4.07563473e-10 -8.15139571e-10  4.07563473e-10  1.26256566e-14 
 3.00000000e+01  7.00000000e-02  0.00000000e+00  7.00000000e-02  0.00000000e+00  0.00000000e+00  4.20659041e-10 -8.41333072e-10  4.20659041e-10  1.49904637e-14 
 3.00000000e+01  8.00000000e-02  0.00000000e+00  8.00000000e-02  0.00000000e+00  0.00000000e+00  4.20349945e-10 -8.40717325e-10  4.20349945e-10  1.74350498e-14 
 3.00000000e+01  9.00000000e-02  0.00000000e+00  9.00000000e-02  0.00000000e+00  0.00000000e+00  4.07444457e-10 -8.14908876e-10  4.07444457e-10  1.99621577e-14 
 3.00000000e+01  1.00000000e-01  0.00000000e+00  1.00000000e-01  0.00000000e+00  0.00000000e+00  3.82755449e-10 -7.65533473e-10  3.82755449e-10  2.25750686e-14 
 3.00000000e+01  1.10000000e-01  0.00000000e+00  1.10000000e-01  0.00000000e+00  0.00000000e+00  3.47132330e-10 -6.94289938e-10  3.47132330e-10  2.52777798e-14 
 3.00000000e+01  1.20000000e-01  0.00000000e+00  1.20000000e-01  0.00000000e+00  0.00000000e+00  3.01535299e-10 -6.03098674e-10  3.01535299e-10  2.80752344e-14 
 3.00000000e+01  1.30000000e-01  0.00000000e+00  1.30000000e-01  0.00000000e+00  0.00000000e+00  2.47238020e-10 -4.94507014e-10  2.47238020e-10  3.09736172e-14 
 3.00000000e+01  1.40000000e-01  0.00000000e+00  1.40000000e-01  0.00000000e+00  0.00000000e+00  1.86513229e-10 -3.73060438e-10  1.86513229e-10  3.39807303e-14 
 3.00000000e+01  1.50000000e-01  0.00000000e+00  1.50000000e-01  0.00000000e+00  0.00000000e+00  1.25729497e-10 -2.51496100e-10  1.25729497e-10  3.71064648e-14 
 3.00000000e+01  1.60000000e-01  0.00000000e+00  1.60000000e-01  0.00000000e+00  0.00000000e+00  9.14300599e-11 -1.82900483e-10  9.14300599e-11  4.03633879e-14 
 3.00000000e+01  1.70000000e-01  0.00000000e+00  1.70000000e-01  0.00000000e+00  0.00000000e+00  1.33103101e-10 -2.66249969e-10  1.33103101e-10  4.37674636e-14 
 3.00000000e+01  1.80000000e-01  0.00000000e+00  1.80000000e-01  0.00000000e+00  0.00000000e+00  2.27641137e-10 -4.55329613e-10  2.27641137e-10  4.73389323e-14 
 3.00000000e+01  1.90000000e-01  0.00000000e+00  1.90000000e-01  0.00000000e+00  0.00000000e+00  3.48540591e-10 -6.97132285e-10  3.48540591e-10  5.11033638e-14 
 3.00000000e+01  2.00000000e-01  0.00000000e+00  2.00000000e-01  0.00000000e+00  0.00000000e+00  4.90208692e-10 -9.80472475e-10  4.90208692e-10  5.50929146e-14 
 3.00000000e+01  2.10000000e-01  0.00000000e+00  2.10000000e-01  0.00000000e+00  0.00000000e+00  6.52049883e-10 -1.30415911e-09  6.52049883e-10  5.93478156e-14 
 3.00000000e+01  2.20000000e-01  0.00000000e+00  2.20000000e-01  0.00000000e+00  0.00000000e+00  8.34883649e-10 -1.66983122e-09  8.34883649e-10  6.39181223e-14 
 3.00000000e+01  2.30000000e-01  0.00000000e+00  2.30000000e-01  0.00000000e+00  0.00000000e+00  1.04026094e-09 -2.08059075e-09  1.04026094e-09  6.88657682e-14 
 3.00000000e+01  2.40000000e-01  0.00000000e+00  2.40000000e-01  0.00000000e+00  0.00000000e+00  1.27039811e-09 -2.54087049e-09  1.27039811e-09  7.42669760e-14 
 3.00000000e+01  2.50000000e-01  0.00000000e+00  2.50000000e-01  0.00000000e+00  0.00000000e+00  1.52832915e-09 -3.05673852e-09  1.52832915e-09  8.02150946e-14 
 3.00000000e+01  2.60000000e-01  0.00000000e+00  2.60000000e-01  0.00000000e+00  0.00000000e+00  1.81820082e-09 -3.63648846e-09  1.81820082e-09  8.68239562e-14 
 3.00000000e+01  2.70000000e-01  0.00000000e+00  2.70000000e-01  0.00000000e+00  0.00000000e+00  2.14570335e-09 -4.29150093e-09  2.14570335e-09  9.42318744e-14 
 3.00000000e+01  2.80000000e-01  0.00000000e+00  2.80000000e-01  0.00000000e+00  0.00000000e+00  2.51863374e-09 -5.03737008e-09  2.51863374e-09  1.02606433e-13 
 3.00000000e+01  2.90000000e-01  0.00000000e+00  2.90000000e-01  0.00000000e+00  0.00000000e+00  2.94755256e-09 -5.89521726e-09  2.94755256e-09  1.12150261e-13 
 3.00000000e+01  3.00000000e-01  0.00000000e+00  3.00000000e-01  0.00000000e+00  0.00000000e+00  3.44641363e-09 -6.89295037e-09  3.44641363e-09  1.23108012e-13 
 3.00000000e+01  3.10000000e-01  0.00000000e+00  3.10000000e-01  0.00000000e+00  0.00000000e+00  4.03291828e-09 -8.06597234e-09  4.03291828e-09  1.35774836e-13 
 3.00000000e+01  3.20000000e-01  0.00000000e+00  3.20000000e-01  0.00000000e+00  0.00000000e+00  4.72821988e-09 -9.45659027e-09  4.72821988e-09  1.50506649e-13 
 3.00000000e+01  3.30000000e-01  0.00000000e+00  3.30000000e-01  0.00000000e+00  0.00000000e+00  5.55560886e-09 -1.11113854e-08  5.55560886e-09  1.67732582e-13 
 3.00000000e+01  3.40000000e-01  0.00000000e+00  3.40000000e-01  0.00000000e+00  0.00000000e+00  6.53811321e-09 -1.30764144e-08  6.53811321e-09  1.87970035e-13 
 3.00000000e+01  3.50000000e-01  0.00000000e+00  3.50000000e-01  0.00000000e+00  0.00000000e+00  7.69556291e-09 -1.53913377e-08  7.69556291e-09  2.11842845e-13 
 3.00000000e+01  3.60000000e-01  0.00000000e+00  3.60000000e-01  0.00000000e+00  0.00000000e+00  9.04221363e-09 -1.80846674e-08  9.04221363e-09  2.40103146e-13 
 3.00000000e+01  3.70000000e-01  0.00000000e+00  3.70000000e-01  0.00000000e+00  0.00000000e+00  1.05859432e-08 -2.11721602e-08  1.05859432e-08  2.73657608e-13 
 3.00000000e+01  3.80000000e-01  0.00000000e+00  3.80000000e-01  0.00000000e+00  0.00000000e+00  1.23292305e-08 -2.46587747e-08  1.23292305e-08  3.13598866e-13 
 3.00000000e+01  3.90000000e-01  0.00000000e+00  3.90000000e-01  0.00000000e+00  0.00000000e+00  1.42712343e-08 -2.85428299e-08  1.42712343e-08  3.61243100e-13 
 3.00000000e+01  4.00000000e-01  0.00000000e+00  4.00000000e-01  0.00000000e+00  0.00000000e+00  1.64099902e-08 -3.28203986e-08  1.64099902e-08  4.18174896e-13 
 3.00000000e+01  4.10000000e-01  0.00000000e+00  4.10000000e-01  0.00000000e+00  0.00000000e+00  1.87440559e-08 -3.74885981e-08  1.87440559e-08  4.86300756e-13 
 3.00000000e+01  4.20000000e-01  0.00000000e+00  4.20000000e-01  0.00000000e+00  0.00000000e+00  2.12734243e-08 -4.25474166e-08  2.12734243e-08  5.67912887e-13 
 3.00000000e+01  4.30000000e-01  0.00000000e+00  4.30000000e-01  0.00000000e+00  0.00000000e+00  2.39998433e-08 -4.80003523e-08  2.39998433e-08  6.65765197e-13 
 3.00000000e+01  4.40000000e-01  0.00000000e+00  4.40000000e-01  0.00000000e+00  0.00000000e+00  2.69267710e-08 -5.38543251e-08  2.69267710e-08  7.83163827e-13 
 3.00000000e+01  4.50000000e-01  0.00000000e+00  4.50000000e-01  0.00000000e+00  0.00000000e+00  3.00591633e-08 -6.01192508e-08  3.00591633e-08  9.24074992e-13 
 3.00000000e+01  4.60000000e-01  0.00000000e+00  4.60000000e-01  0.00000000e+00  0.00000000e+00  3.34032154e-08 -6.68075241e-08  3.34032154e-08  1.09325344e-12 
 3.00000000e+01  4.70000000e-01  0.00000000e+00  4.70000000e-01  0.00000000e+00  0.00000000e+00  3.69661202e-08 -7.39335367e-08  3.69661202e-08  1.29639545e-12 
 3.00000000e+01  4.80000000e-01  0.00000000e+00  4.80000000e-01  0.00000000e+00  0.00000000e+00  4.07558693e-08 -8.15132789e-08  4.07558693e-08  1.54032110e-12 
 3.00000000e+01  4.90000000e-01  0.00000000e+00  4.90000000e-01  0.00000000e+00  0.00000000e+00  4.47811010e-08 -8.95640352e-08  4.47811010e-08  1.83319142e-12 
 3.00000000e+01  5.00000000e-01  0.00000000e+00  5.00000000e-01  0.00000000e+00  0.00000000e+00  4.90509894e-08 -9.81041636e-08  4.90509894e-08  2.18476695e-12 
 3.00000000e+01  5.10000000e-01  0.00000000e+00  5.10000000e-01  0.00000000e+00  0.00000000e+00  5.35751682e-08 -1.07152943e-07  5.35751682e-08  2.60671585e-12 
 3.00000000e+01  5.20000000e-01  0.00000000e+00  5.20000000e-01  0.00000000e+00  0.00000000e+00  5.83636808e-08 -1.16730475e-07  5.83636808e-08  3.11298074e-12 
 3.00000000e+01  5.30000000e-01  0.00000000e+00  5.30000000e-01  0.00000000e+00  0.00000000e+00  6.34269508e-08 -1.26857622e-07  6.34269508e-08  3.72021570e-12 
 3.00000000e+01  5.40000000e-01  0.00000000e+00  5.40000000e-01  0.00000000e+00  0.00000000e+00  6.87757660e-08 -1.37555980e-07  6.87757660e-08  4.44830646e-12 
 3.00000000e+01  5.50000000e-01  0.00000000e+00  5.50000000e-01  0.00000000e+00  0.00000000e+00  7.44212731e-08 -1.48847867e-07  7.44212731e-08  5.32098988e-12 
 3.00000000e+01  5.60000000e-01  0.00000000e+00  5.60000000e-01  0.00000000e+00  0.00000000e+00  8.03749800e-08 -1.60756327e-07  8.03749800e-08  6.36659132e-12 
 3.00000000e+01  5.70000000e-01  0.00000000e+00  5.70000000e-01  0.00000000e+00  0.00000000e+00  8.66487622e-08 -1.73305143e-07  8.66487622e-08  7.61890229e-12 
 3.00000000e+01  5.80000000e-01  0.00000000e+00  5.80000000e-01  0.00000000e+00  0.00000000e+00  9.32548729e-08 -1.86518864e-07  9.32548729e-08  9.11822485e-12 
 3.00000000e+01  5.90000000e-01  0.00000000e+00  5.90000000e-01  0.00000000e+00  0.00000000e+00  1.00205956e-07 -2.00422824e-07  1.00205956e-07  1.09126144e-11 
 3.00000000e+01  6.00000000e-01  0.00000000e+00  6.00000000e-01  0.00000000e+00  0.00000000e+00  1.07515058e-07 -2.15043174e-07  1.07515058e-07  1.30593582e-11 
 3.00000000e+01  6.10000000e-01  0.00000000e+00  6.10000000e-01  0.00000000e+00  0.00000000e+00  1.15195644e-07 -2.30406914e-07  1.15195644e-07  1.56267337e-11 
 3.00000000e+01  6.20000000e-01  0.00000000e+00  6.20000000e-01  0.00000000e+00  0.00000000e+00  1.23261613e-07 -2.46541921e-07  1.23261613e-07  1.86961004e-11 
 3.00000000e+01  6.30000000e-01  0.00000000e+00  6.30000000e-01  0.00000000e+00  0.00000000e+00  1.31727311e-07 -2.63476986e-07  1.31727311e-07  2.23643867e-11 
 3.00000000e+01  6.40000000e-01  0.00000000e+00  6.40000000e-01  0.00000000e+00  0.00000000e+00  1.40607550e-07 -2.81241846e-07  1.40607550e-07  2.67470468e-11 
 3.00000000e+01  6.50000000e-01  0.00000000e+00  6.50000000e-01  0.00000000e+00  0.00000000e+00  1.49917618e-07 -2.99867219e-07  1.49917618e-07  3.19815757e-11 
 3.00000000e+01  6.60000000e-01  0.00000000e+00  6.60000000e-01  0.00000000e+00  0.00000000e+00  1.59673302e-07 -3.19384837e-07  1.59673302e-07  3.82316867e-11 
 3.00000000e+01  6.70000000e-01  0.00000000e+00  6.70000000e-01  0.00000000e+00  0.00000000e+00  1.69890897e-07 -3.39827487e-07  1.69890897e-07  4.56922759e-11 
 3.00000000e+01  6.80000000e-01  0.00000000e+00  6.80000000e-01  0.00000000e+00  0.00000000e+00  1.80587225e-07 -3.61229045e-07  1.80587225e-07  5.45953210e-11 
 3.00000000e+01  6.90000000e-01  0.00000000e+00  6.90000000e-01  0.00000000e+00  0.00000000e+00  1.91779649e-07 -3.83624516e-07  1.91779649e-07  6.52168877e-11 
 3.00000000e+01  7.00000000e-01  0.00000000e+00  7.00000000e-01  0.00000000e+00  0.00000000e+00  2.03486094e-07 -4.07050073e-07  2.03486094e-07  7.78854520e-11 
 3.00000000e+01  7.10000000e-01  0.00000000e+00  7.10000000e-01  0.00000000e+00  0.00000000e+00  2.15725056e-07 -4.31543104e-07  2.15725056e-07  9.29917832e-11 
 3.00000000e+01  7.20000000e-01  0.00000000e+00  7.20000000e-01  0.00000000e+00  0.00000000e+00  2.28515624e-07 -4.57142249e-07  2.28515624e-07  1.11000676e-10 
 3.00000000e+01  7.30000000e-01  0.00000000e+00  7.30000000e-01  0.00000000e+00  0.00000000e+00  2.41877496e-07 -4.83887457e-07  2.41877496e-07  1.32464879e-10 
 3.00000000e+01  7.40000000e-01  0.00000000e+00  7.40000000e-01  0.00000000e+00  0.00000000e+00  2.55830994e-07 -5.11820030e-07  2.55830994e-07  1.58041619e-10 
 3.00000000e+01  7.50000000e-01  0.00000000e+00  7.50000000e-01  0.00000000e+00  0.00000000e+00  2.70397084e-07 -5.40982679e-07  2.70397084e-07  1.88512215e-10 
 3.00000000e+01  7.60000000e-01  0.00000000e+00  7.60000000e-01  0.00000000e+00  0.00000000e+00  2.85597391e-07 -5.71419587e-07  2.85597391e-07  2.24805332e-10 
 3.00000000e+01  7.70000000e-01  0.00000000e+00  7.70000000e-01  0.00000000e+00  0.00000000e+00  3.01454223e-07 -6.03176470e-07  3.01454223e-07  2.68024564e-10 
 3.00000000e+01  7.80000000e-01  0.00000000e+00  7.80000000e-01  0.00000000e+00  0.00000000e+00  3.17990582e-07 -6.36300645e-07  3.17990582e-07  3.19481130e-10 
 3.00000000e+01  7.90000000e-01  0.00000000e+00  7.90000000e-01  0.00000000e+00  0.00000000e+00  3.35230192e-07 -6.70841116e-07  3.35230192e-07  3.80732615e-10 
 3.00000000e+01  8.00000000e-01  0.00000000e+00  8.00000000e-01  0.00000000e+00  0.00000000e+00  3.53197510e-07 -7.06848650e-07  3.53197510e-07  4.53628875e-10 
 3.00000000e+01  8.10000000e-01  0.00000000e+00  8.10000000e-01  0.00000000e+00  0.00000000e+00  3.71917755e-07 -7.44375877e-07  3.71917755e-07  5.40366382e-10 
 3.00000000e+01  8.20000000e-01  0.00000000e+00  8.20000000e-01  0.00000000e+00  0.00000000e+00  3.91416923e-07 -7.83477399e-07  3.91416923e-07  6.43552556e-10 
 3.00000000e+01  8.30000000e-01  0.00000000e+00  8.30000000e-01  0.00000000e+00  0.00000000e+00  4.11721809e-07 -8.24209901e-07  4.11721809e-07  7.66281876e-10 
 3.00000000e+01  8.40000000e-01  0.00000000e+00  8.40000000e-01  0.00000000e+00  0.00000000e+00  4.32860033e-07 -8.66632293e-07  4.32860033e-07  9.12225861e-10 
 3.00000000e+01  8.50000000e-01  0.00000000e+00  8.50000000e-01  0.00000000e+00  0.00000000e+00  4.54860059e-07 -9.10805858e-07  4.54860059e-07  1.08573942e-09 
 3.00000000e+01  8.60000000e-01  0.00000000e+00  8.60000000e-01  0.00000000e+00  0.00000000e+00  4.77751219e-07 -9.56794424e-07  4.77751219e-07  1.29198640e-09 
 3.00000000e+01  8.70000000e-01  0.00000000e+00  8.70000000e-01  0.00000000e+00  0.00000000e+00  5.01563738e-07 -1.00466456e-06  5.01563738e-07  1.53708782e-09 
 3.00000000e+01  8.80000000e-01  0.00000000e+00  8.80000000e-01  0.00000000e+00  0.00000000e+00  5.26328758e-07 -1.05448581e-06  5.26328758e-07  1.82829651e-09 
 3.00000000e+01  8.90000000e-01  0.00000000e+00  8.90000000e-01  0.00000000e+00  0.00000000e+00  5.52078365e-07 -1.10633093e-06  5.52078365e-07  2.17420294e-09 
 3.00000000e+01  9.00000000e-01  0.00000000e+00  9.00000000e-01  0.00000000e+00  0.00000000e+00  5.78845610e-07 -1.16027620e-06  5.78845610e-07  2.58497729e-09 
 3.00000000e+01  9.10000000e-01  0.00000000e+00  9.10000000e-01  0.00000000e+00  0.00000000e+00  6.06664541e-07 -1.21640174e-06  6.06664541e-07  3.07265406e-09 
 3.00000000e+01  9.20000000e-01  0.00000000e+00  9.20000000e-01  0.00000000e+00  0.00000000e+00  6.35570230e-07 -1.27479193e-06  6.35570230e-07  3.65146596e-09 
 3.00000000e+01  9.30000000e-01  0.00000000e+00  9.30000000e-01  0.00000000e+00  0.00000000e+00  6.65598798e-07 -1.33553583e-06  6.65598798e-07  4.33823521e-09 
 3.00000000e+01  9.40000000e-01  0.00000000e+00  9.40000000e-01  0.00000000e+00  0.00000000e+00  6.96787444e-07 -1.39872772e-06  6.96787444e-07  5.15283129e-09 
 3.00000000e+01  9.50000000e-01  0.00000000e+00  9.50000000e-01  0.00000000e+00  0.00000000e+00  7.29174479e-07 -1.46446766e-06  7.29174479e-07  6.11870531e-09 
 3.00000000e+01  9.60000000e-01  0.00000000e+00  9.60000000e-01  0.00000000e+00  0.00000000e+00  7.62799352e-07 -1.53286222e-06  7.62799352e-07  7.26351243e-09 
 3.00000000e+01  9.70000000e-01  0.00000000e+00  9.70000000e-01  0.00000000e+00  0.00000000e+00  7.97702682e-07 -1.60402520e-06  7.97702682e-07  8.61983513e-09 
 3.00000000e+01  9.80000000e-01  0.00000000e+00  9.80000000e-01  0.00000000e+00  0.00000000e+00  8.33926292e-07 -1.67807861e-06  8.33926292e-07  1.02260211e-08 
 3.00000000e+01  9.90000000e-01  0.00000000e+00  9.90000000e-01  0.00000000e+00  0.00000000e+00  8.71513241e-07 -1.75515363e-06  8.71513241e-07  1.21271507e-08 
 3.00000000e+01  1.00000000e+00  0.00000000e+00  1.00000000e+00  0.00000000e+00  0.00000000e+00  9.10507854e-07 -1.83539186e-06  9.10507854e-07  1.43761504e-08 
 3.00000000e+01  1.01000000e+00  0.00000000e+00  1.01000000e+00  0.00000000e+00  0.00000000e+00  9.50955763e-07 -1.91894659e-06  9.50955763e-07  1.70350679e-08 
 3.00000000e+01  1.02000000e+00  0.00000000e+00  1.02000000e+00  0.00000000e+00  0.00000000e+00  9.92903937e-07 -2.00598440e-06  9.92903937e-07  2.01765262e-08 
 3.00000000e+01  1.03000000e+00  0.00000000e+00  1.03000000e+00  0.00000000e+00  0.00000000e+00  1.03640072e-06 -2.09668681e-06  1.03640072e-06  2.38853726e-08 
 3.00000000e+01  1.04000000e+00  0.00000000e+00  1.04000000e+00  0.00000000e+00  0.00000000e+00  1.08149586e-06 -2.19125226e-06  1.08149586e-06  2.82605361e-08 
 3.00000000e+01  1.05000000e+00  0.00000000e+00  1.05000000e+00  0.00000000e+00  0.00000000e+00  1.12824058e-06 -2.28989826e-06  1.12824058e-06  3.34171060e-08 
 3.00000000e+01  1.06000000e+00  0.00000000e+00  1.06000000e+00  0.00000000e+00  0.00000000e+00  1.17668756e-06 -2.39286375e-06  1.17668756e-06  3.94886378e-08 
 3.00000000e+01  1.07000000e+00  0.00000000e+00  1.07000000e+00  0.00000000e+00  0.00000000e+00  1.22689102e-06 -2.50041172e-06  1.22689102e-06  4.66296875e-08 
 3.00000000e+01  1.08000000e+00  0.00000000e+00  1.08000000e+00  0.00000000e+00  0.00000000e+00  1.27890675e-06 -2.61283207e-06  1.27890675e-06  5.50185666e-08 
 3.00000000e+01  1.09000000e+00  0.00000000e+00  1.09000000e+00  0.00000000e+00  0.00000000e+00  1.33279216e-06 -2.73044461e-06  1.33279216e-06  6.48602988e-08 
 3.00000000e+01  1.10000000e+00  0.00000000e+00  1.10000000e+00  0.00000000e+00  0.00000000e+00  1.38860628e-06 -2.85360231e-06  1.38860628e-06  7.63897459e-08 
 3.00000000e+01  1.11000000e+00  0.00000000e+00  1.11000000e+00  0.00000000e+00  0.00000000e+00  1.44640987e-06 -2.98269460e-06  1.44640987e-06  8.98748556e-08 
 3.00000000e+01  1.12000000e+00  0.00000000e+00  1.12000000e+00  0.00000000e+00  0.00000000e+00  1.50626541e-06 -3.11815078e-06  1.50626541e-06  1.05619964e-07 
 3.00000000e+01  1.13000000e+00  0.00000000e+00  1.13000000e+00  0.00000000e+00  0.00000000e+00  1.56823716e-06 -3.26044339e-06  1.56823716e-06  1.23969071e-07 
 3.00000000e+01  1.14000000e+00  0.00000000e+00  1.14000000e+00  0.00000000e+00  0.00000000e+00  1.63239122e-06 -3.41009141e-06  1.63239122e-06  1.45308979e-07 
 3.00000000e+01  1.15000000e+00  0.00000000e+00  1.15000000e+00  0.00000000e+00  0.00000000e+00  1.69879555e-06 -3.56766330e-06  1.69879555e-06  1.70072193e-07 
 3.00000000e+01  1.16000000e+00  0.00000000e+00  1.16000000e+00  0.00000000e+00  0.00000000e+00  1.76752006e-06 -3.73377954e-06  1.76752006e-06  1.98739423e-07 
 3.00000000e+01  1.17000000e+00  0.00000000e+00  1.17000000e+00  0.00000000e+00  0.00000000e+00  1.83863661e-06 -3.90911481e-06  1.83863661e-06  2.31841595e-07 
 3.00000000e+01  1.18000000e+00  0.00000000e+00  1.18000000e+00  0.00000000e+00  0.00000000e+00  1.91221908e-06 -4.09439937e-06  1.91221908e-06  2.69961209e-07 
 3.00000000e+01  1.19000000e+00  0.00000000e+00  1.19000000e+00  0.00000000e+00  0.00000000e+00  1.98834344e-06 -4.29041984e-06  1.98834344e-06  3.13732958e-07 
 3.00000000e+01  1.20000000e+00  0.00000000e+00  1.20000000e+00  0.00000000e+00  0.00000000e+00  2.06708778e-06 -4.49801910e-06  2.06708778e-06  3.63843532e-07 
