 3.00000000e+01  1.00000000e-02  1.00000000e-02  0.00000000e+00  0.00000000e+00  0.00000000e+00 -3.75836271e-08  1.75066104e-10  3.74085579e-08  3.17890648e-15 
 3.00000000e+01  2.00000000e-02  2.00000000e-02  0.00000000e+00  0.00000000e+00  0.00000000e+00 -6.68632123e-08  3.77755927e-10  6.64854511e-08  5.34954228e-15 
 3.00000000e+01  3.00000000e-02  3.00000000e-02  0.00000000e+00  0.00000000e+00  0.00000000e+00 -8.87764007e-08  6.09486609e-10  8.81669072e-08  6.83161752e-15 
 3.00000000e+01  4.00000000e-02  4.00000000e-02  0.00000000e+00  0.00000000e+00  0.00000000e+00 -1.04746254e-07  8.71726998e-10  1.03874520e-07  7.84463411e-15 
 3.00000000e+01  5.00000000e-02  5.00000000e-02  0.00000000e+00  0.00000000e+00  0.00000000e+00 -1.16444905e-07  1.16599949e-09  1.15278897e-07  8.53819116e-15 
 3.00000000e+01  6.00000000e-02  6.00000000e-02  0.00000000e+00  0.00000000e+00  0.00000000e+00 -1.25392942e-07  1.49388187e-09  1.23899051e-07  9.01419326e-15 
 3.00000000e+01  7.00000000e-02  7.00000000e-02  0.00000000e+00  0.00000000e+00  0.00000000e+00 -1.32703101e-07  1.85700917e-09  1.30846083e-07  9.34205722e-15 
 3.00000000e+01  8.00000000e-02  8.00000000e-02  0.00000000e+00  0.00000000e+00  0.00000000e+00 -1.39080843e-07  2.25707555e-09  1.36823758e-07  9.56909211e-15 
 3.00000000e+01  9.00000000e-02  9.00000000e-02  0.00000000e+00  0.00000000e+00  0.00000000e+00 -1.44944281e-07  2.69583622e-09  1.42248435e-07  9.72755678e-15 
 3.00000000e+01  1.00000000e-01  1.00000000e-01  0.00000000e+00  0.00000000e+00  0.00000000e+00 -1.50538364e-07  3.17510936e-09  1.47363245e-07  9.83945560e-15 
 3.00000000e+01  1.10000000e-01  1.10000000e-01  0.00000000e+00  0.00000000e+00  0.00000000e+00 -1.56009656e-07  3.69677821e-09  1.52312867e-07  9.91980177e-15 
 3.00000000e+01  1.20000000e-01  1.20000000e-01  0.00000000e+00  0.00000000e+00  0.00000000e+00 -1.61449215e-07  4.26279304e-09  1.57186412e-07  9.97884094e-15 
 3.00000000e+01  1.30000000e-01  1.30000000e-01  0.00000000e+00  0.00000000e+00  0.00000000e+00 -1.66916235e-07  4.87517329e-09  1.62041052e-07  1.00235674e-14 
 3.00000000e+01  1.40000000e-01  1.40000000e-01  0.00000000e+00  0.00000000e+00  0.00000000e+00 -1.72451100e-07  5.53600973e-09  1.66915080e-07  1.00587580e-14 
 3.00000000e+01  1.50000000e-01  1.50000000e-01  0.00000000e+00  0.00000000e+00  0.00000000e+00 -1.78082747e-07  6.24746669e-09  1.71835270e-07  1.00876780e-14 
 3.00000000e+01  1.60000000e-01  1.60000000e-01  0.00000000e+00  0.00000000e+00  0.00000000e+00 -1.83832942e-07  7.01178430e-09  1.76821147e-07  1.01125618e-14 
 3.00000000e+01  1.70000000e-01  1.70000000e-01  0.00000000e+00  0.00000000e+00  0.00000000e+00 -1.89718840e-07  7.83128091e-09  1.81887549e-07  1.01349411e-14 
 3.00000000e+01  1.80000000e-01  1.80000000e-01  0.00000000e+00  0.00000000e+00  0.00000000e+00 -1.95754563e-07  8.70835539e-09  1.87046197e-07  1.01558690e-14 
 3.00000000e+01  1.90000000e-01  1.90000000e-01  0.00000000e+00  0.00000000e+00  0.00000000e+00 -2.01952201e-07  9.64548971e-09  1.92306701e-07  1.01760724e-14 
 3.00000000e+01  2.00000000e-01  2.00000000e-01  0.00000000e+00  0.00000000e+00  0.00000000e+00 -2.08322472e-07  1.06452514e-08  1.97677210e-07  1.01960562e-14 
 3.00000000e+01  2.10000000e-01  2.10000000e-01  0.00000000e+00  0.00000000e+00  0.00000000e+00 -2.14875156e-07  1.17102962e-08  2.03164850e-07  1.02161744e-14 
 3.00000000e+01  2.20000000e-01  2.20000000e-01  0.00000000e+00  0.00000000e+00  0.00000000e+00 -2.21619400e-07  1.28433708e-08  2.08776019e-07  1.02366782e-14 
 3.00000000e+01  2.30000000e-01  2.30000000e-01  0.00000000e+00  0.00000000e+00  0.00000000e+00 -2.28563929e-07  1.40473154e-08  2.14516604e-07  1.02577493e-14 
 3.00000000e+01  2.40000000e-01  2.40000000e-01  0.00000000e+00  0.00000000e+00  0.00000000e+00 -2.35717197e-07  1.53250668e-08  2.20392120e-07  1.02795224e-14 
 3.00000000e+01  2.50000000e-01  2.50000000e-01  0.00000000e+00  0.00000000e+00  0.00000000e+00 -2.43087496e-07  1.66796613e-08  2.26407825e-07  1.03021004e-14 
 3.00000000e+01  2.60000000e-01  2.60000000e-01  0.00000000e+00  0.00000000e+00  0.00000000e+00 -2.50683045e-07  1.81142373e-08  2.32568797e-07  1.03255650e-14 
 3.00000000e+01  2.70000000e-01  2.70000000e-01  0.00000000e+00  0.00000000e+00  0.00000000e+00 -2.58512047e-07  1.96320390e-08  2.38879998e-07  1.03499840e-14 
 3.00000000e+01  2.80000000e-01  2.80000000e-01  0.00000000e+00  0.00000000e+00  0.00000000e+00 -2.66582742e-07  2.12364191e-08  2.45346312e-07  1.03754157e-14 
 3.00000000e+01  2.90000000e-01  2.90000000e-01  0.00000000e+00  0.00000000e+00  0.00000000e+00 -2.74903444e-07  2.29308421e-08  2.51972591e-07  1.04019129e-14 
 3.00000000e+01  3.00000000e-01  3.00000000e-01  0.00000000e+00  0.00000000e+00  0.00000000e+00 -2.83482575e-07  2.47188881e-08  2.58763676e-07  1.04295247e-14 
 3.00000000e+01  3.10000000e-01  3.10000000e-01  0.00000000e+00  0.00000000e+00  0.00000000e+00 -2.92328687e-07  2.66042554e-08  2.65724421e-07  1.04582982e-14 
 3.00000000e+01  3.20000000e-01  3.20000000e-01  0.00000000e+00  0.00000000e+00  0.00000000e+00 -3.01450489e-07  2.85907650e-08  2.72859714e-07  1.04882795e-14 
 3.00000000e+01  3.30000000e-01  3.30000000e-01  0.00000000e+00  0.00000000e+00  0.00000000e+00 -3.10856861e-07  3.06823635e-08  2.80174487e-07  1.05195150e-14 
 3.00000000e+01  3.40000000e-01  3.40000000e-01  0.00000000e+00  0.00000000e+00  0.00000000e+00 -3.20556874e-07  3.28831270e-08  2.87673737e-07  1.05520509e-14 
 3.00000000e+01  3.50000000e-01  3.50000000e-01  0.00000000e+00  0.00000000e+00  0.00000000e+00 -3.30559803e-07  3.51972652e-08  2.95362527e-07  1.05859346e-14 
 3.00000000e+01  3.60000000e-01  3.60000000e-01  0.00000000e+00  0.00000000e+00  0.00000000e+00 -3.40875139e-07  3.76291252e-08  3.03246003e-07  1.06212142e-14 
 3.00000000e+01  3.70000000e-01  3.70000000e-01  0.00000000e+00  0.00000000e+00  0.00000000e+00 -3.51512605e-07  4.01831953e-08  3.11329400e-07  1.06579394e-14 
 3.00000000e+01  3.80000000e-01  3.80000000e-01  0.00000000e+00  0.00000000e+00  0.00000000e+00 -3.62482166e-07  4.28641095e-08  3.19618046e-07  1.06961607e-14 
 3.00000000e+01  3.90000000e-01  3.90000000e-01  0.00000000e+00  0.00000000e+00  0.00000000e+00 -3.73794036e-07  4.56766516e-08  3.28117374e-07  1.07359307e-14 
 3.00000000e+01  4.00000000e-01  4.00000000e-01  0.00000000e+00  0.00000000e+00  0.00000000e+00 -3.85458696e-07  4.86257596e-08  3.36832925e-07  1.07773031e-14 
 3.00000000e+01  4.10000000e-01  4.10000000e-01  0.00000000e+00  0.00000000e+00  0.00000000e+00 -3.97486896e-07  5.17165305e-08  3.45770355e-07  1.08203335e-14 
 3.00000000e+01  4.20000000e-01  4.20000000e-01  0.00000000e+00  0.00000000e+00  0.00000000e+00 -4.09889673e-07  5.49542244e-08  3.54935438e-07  1.08650790e-14 
 3.00000000e+01  4.30000000e-01  4.30000000e-01  0.00000000e+00  0.00000000e+00  0.00000000e+00 -4.22678354e-07  5.83442696e-08  3.64334074e-07  1.09115988e-14 
 3.00000000e+01  4.40000000e-01  4.40000000e-01  0.00000000e+00  0.00000000e+00  0.00000000e+00 -4.35864570e-07  6.18922675e-08  3.73972291e-07  1.09599537e-14 
 3.00000000e+01  4.50000000e-01  4.50000000e-01  0.00000000e+00  0.00000000e+00  0.00000000e+00 -4.49460263e-07  6.56039976e-08  3.83856254e-07  1.10102064e-14 
 3.00000000e+01  4.60000000e-01  4.60000000e-01  0.00000000e+00  0.00000000e+00  0.00000000e+00 -4.63477698e-07  6.94854225e-08  3.93992264e-07  1.10624217e-14 
 3.00000000e+01  4.70000000e-01  4.70000000e-01  0.00000000e+00  0.00000000e+00  0.00000000e+00 -4.77929472e-07  7.35426936e-08  4.04386767e-07  1.11166665e-14 
 3.00000000e+01  4.80000000e-01  4.80000000e-01  0.00000000e+00  0.00000000e+00  0.00000000e+00 -4.92828523e-07  7.77821559e-08  4.15046356e-07  1.11730095e-14 
 3.00000000e+01  4.90000000e-01  4.90000000e-01  0.00000000e+00  0.00000000e+00  0.00000000e+00 -5.08188140e-07  8.22103544e-08  4.25977775e-07  1.12315218e-14 
 3.00000000e+01  5.00000000e-01  5.00000000e-01  0.00000000e+00  0.00000000e+00  0.00000000e+00 -5.24021976e-07  8.68340391e-08  4.37187926e-07  1.12922766e-14 
 3.00000000e+01  5.10000000e-01  5.10000000e-01  0.00000000e+00  0.00000000e+00  0.00000000e+00 -5.40344053e-07  9.16601714e-08  4.48683870e-07  1.13553495e-14 
 3.00000000e+01  5.20000000e-01  5.20000000e-01  0.00000000e+00  0.00000000e+00  0.00000000e+00 -5.57168778e-07  9.66959301e-08  4.60472836e-07  1.14208182e-14 
 3.00000000e+01  5.30000000e-01  5.30000000e-01  0.00000000e+00  0.00000000e+00  0.00000000e+00 -5.74510948e-07  1.01948717e-07  4.72562219e-07  1.14887632e-14 
 3.00000000e+01  5.40000000e-01  5.40000000e-01  0.00000000e+00  0.00000000e+00  0.00000000e+00 -5.92385767e-07  1.07426165e-07  4.84959591e-07  1.15592670e-14 
 3.00000000e+01  5.50000000e-01  5.50000000e-01  0.00000000e+00  0.00000000e+00  0.00000000e+00 -6.10808853e-07  1.13136142e-07  4.97672699e-07  1.16324150e-14 
 3.00000000e+01  5.60000000e-01  5.60000000e-01  0.00000000e+00  0.00000000e+00  0.00000000e+00 -6.29796247e-07  1.19086760e-07  5.10709475e-07  1.17082952e-14 
 3.00000000e+01  5.70000000e-01  5.70000000e-01  0.00000000e+00  0.00000000e+00  0.00000000e+00 -6.49364433e-07  1.25286382e-07  5.24078039e-07  1.17869981e-14 
 3.00000000e+01  5.80000000e-01  5.80000000e-01  0.00000000e+00  0.00000000e+00  0.00000000e+00 -6.69530339e-07  1.31743626e-07  5.37786701e-07  1.18686171e-14 
 3.00000000e+01  5.90000000e-01  5.90000000e-01  0.00000000e+00  0.00000000e+00  0.00000000e+00 -6.90311357e-07  1.38467376e-07  5.51843969e-07  1.19532485e-14 
 3.00000000e+01  6.00000000e-01  6.00000000e-01  0.00000000e+00  0.00000000e+00  0.00000000e+00 -7.11725353e-07  1.45466789e-07  5.66258552e-07  1.20409915e-14 
 3.00000000e+01  6.10000000e-01  6.10000000e-01  0.00000000e+00  0.00000000e+00  0.00000000e+00 -7.33790678e-07  1.52751301e-07  5.81039365e-07  1.21319482e-14 
 3.00000000e+01  6.20000000e-01  6.20000000e-01  0.00000000e+00  0.00000000e+00  0.00000000e+00 -7.56526181e-07  1.60330634e-07  5.96195534e-07  1.22262240e-14 
 3.00000000e+01  6.30000000e-01  6.30000000e-01  0.00000000e+00  0.00000000e+00  0.00000000e+00 -7.79951225e-07  1.68214809e-07  6.11736404e-07  1.23239274e-14 
 3.00000000e+01  6.40000000e-01  6.40000000e-01  0.00000000e+00  0.00000000e+00  0.00000000e+00 -8.04085697e-07  1.76414149e-07  6.27671536e-07  1.24251700e-14 
 3.00000000e+01  6.50000000e-01  6.50000000e-01  0.00000000e+00  0.00000000e+00  0.00000000e+00 -8.28950024e-07  1.84939289e-07  6.44010723e-07  1.25300671e-14 
 3.00000000e+01  6.60000000e-01  6.60000000e-01  0.00000000e+00  0.00000000e+00  0.00000000e+00 -8.54565186e-07  1.93801189e-07  6.60763985e-07  1.26387372e-14 
 3.00000000e+01  6.70000000e-01  6.70000000e-01  0.00000000e+00  0.00000000e+00  0.00000000e+00 -8.80952731e-07  2.03011135e-07  6.77941583e-07  1.27513025e-14 
 3.00000000e+01  6.80000000e-01  6.80000000e-01  0.00000000e+00  0.00000000e+00  0.00000000e+00 -9.08134789e-07  2.12580757e-07  6.95554019e-07  1.28678889e-14 
 3.00000000e+01  6.90000000e-01  6.90000000e-01  0.00000000e+00  0.00000000e+00  0.00000000e+00 -9.36134087e-07  2.22522032e-07  7.13612043e-07  1.29886259e-14 
 3.00000000e+01  7.00000000e-01  7.00000000e-01  0.00000000e+00  0.00000000e+00  0.00000000e+00 -9.64973967e-07  2.32847296e-07  7.32126658e-07  1.31136470e-14 
 3.00000000e+01  7.10000000e-01  7.10000000e-01  0.00000000e+00  0.00000000e+00  0.00000000e+00 -9.94678397e-07  2.43569254e-07  7.51109130e-07  1.32430895e-14 
 3.00000000e+01  7.20000000e-01  7.20000000e-01  0.00000000e+00  0.00000000e+00  0.00000000e+00 -1.02527199e-06  2.54700993e-07  7.70570987e-07  1.33770951e-14 
 3.00000000e+01  7.30000000e-01  7.30000000e-01  0.00000000e+00  0.00000000e+00  0.00000000e+00 -1.05678003e-06  2.66255986e-07  7.90524031e-07  1.35158094e-14 
 3.00000000e+01  7.40000000e-01  7.40000000e-01  0.00000000e+00  0.00000000e+00  0.00000000e+00 -1.08922847e-06  2.78248109e-07  8.10980343e-07  1.36593825e-14 
 3.00000000e+01  7.50000000e-01  7.50000000e-01  0.00000000e+00  0.00000000e+00  0.00000000e+00 -1.12264395e-06  2.90691650e-07  8.31952284e-07  1.38079688e-14 
 3.00000000e+01  7.60000000e-01  7.60000000e-01  0.00000000e+00  0.00000000e+00  0.00000000e+00 -1.15705384e-06  3.03601320e-07  8.53452510e-07  1.39617274e-14 
 3.00000000e+01  7.70000000e-01  7.70000000e-01  0.00000000e+00  0.00000000e+00  0.00000000e+00 -1.19248625e-06  3.16992265e-07  8.75493973e-07  1.41208219e-14 
 3.00000000e+01  7.80000000e-01  7.80000000e-01  0.00000000e+00  0.00000000e+00  0.00000000e+00 -1.22897002e-06  3.30880077e-07  8.98089929e-07  1.42854208e-14 
 3.00000000e+01  7.90000000e-01  7.90000000e-01  0.00000000e+00  0.00000000e+00  0.00000000e+00 -1.26653477e-06  3.45280809e-07  9.21253943e-07  1.44556975e-14 
 3.00000000e+01  8.00000000e-01  8.00000000e-01  0.00000000e+00  0.00000000e+00  0.00000000e+00 -1.30521090e-06  3.60210985e-07  9.44999902e-07  1.46318307e-14 
 3.00000000e+01  8.10000000e-01  8.10000000e-01  0.00000000e+00  0.00000000e+00  0.00000000e+00 -1.34502964e-06  3.75687615e-07  9.69342015e-07  1.48140039e-14 
 3.00000000e+01  8.20000000e-01  8.20000000e-01  0.00000000e+00  0.00000000e+00  0.00000000e+00 -1.38602304e-06  3.91728206e-07  9.94294823e-07  1.50024063e-14 
 3.00000000e+01  8.30000000e-01  8.30000000e-01  0.00000000e+00  0.00000000e+00  0.00000000e+00 -1.42822400e-06  4.08350780e-07  1.01987321e-06  1.51972325e-14 
 3.00000000e+01  8.40000000e-01  8.40000000e-01  0.00000000e+00  0.00000000e+00  0.00000000e+00 -1.47166630e-06  4.25573880e-07  1.04609240e-06  1.53986826e-14 
 3.00000000e+01  8.50000000e-01  8.50000000e-01  0.00000000e+00  0.00000000e+00  0.00000000e+00 -1.51638460e-06  4.43416596e-07  1.07296799e-06  1.56069627e-14 
 3.00000000e+01  8.60000000e-01  8.60000000e-01  0.00000000e+00  0.00000000e+00  0.00000000e+00 -1.56241450e-06  4.61898567e-07  1.10051592e-06  1.58222847e-14 
 3.00000000e+01  8.70000000e-01  8.70000000e-01  0.00000000e+00  0.00000000e+00  0.00000000e+00 -1.60979253e-06  4.81040008e-07  1.12875251e-06  1.60448668e-14 
 3.00000000e+01  8.80000000e-01  8.80000000e-01  0.00000000e+00  0.00000000e+00  0.00000000e+00 -1.65855619e-06  5.00861715e-07  1.15769446e-06  1.62749332e-14 
 3.00000000e+01  8.90000000e-01  8.90000000e-01  0.00000000e+00  0.00000000e+00  0.00000000e+00 -1.70874397e-06  5.21385092e-07  1.18735886e-06  1.65127148e-14 
 3.00000000e+01  9.00000000e-01  9.00000000e-01  0.00000000e+00  0.00000000e+00  0.00000000e+00 -1.76039537e-06  5.42632155e-07  1.21776320e-06  1.67584490e-14 
 3.00000000e+01  9.10000000e-01  9.10000000e-01  0.00000000e+00  0.00000000e+00  0.00000000e+00 -1.81355094e-06  5.64625561e-07  1.24892536e-06  1.70123801e-14 
 3.00000000e+01  9.20000000e-01  9.20000000e-01  0.00000000e+00  0.00000000e+00  0.00000000e+00 -1.86825229e-06  5.87388616e-07  1.28086366e-06  1.72747594e-14 
 3.00000000e+01  9.30000000e-01  9.30000000e-01  0.00000000e+00  0.00000000e+00  0.00000000e+00 -1.92454214e-06  6.10945297e-07  1.31359682e-06  1.90915238e-14 
 3.00000000e+01  9.40000000e-01  9.40000000e-01  0.00000000e+00  0.00000000e+00  0.00000000e+00 -1.98246431e-06  6.35320270e-07  1.34714401e-06  2.37446672e-14 
 3.00000000e+01  9.50000000e-01  9.50000000e-01  0.00000000e+00  0.00000000e+00  0.00000000e+00 -2.04206378e-06  6.60538909e-07  1.38152484e-06  3.06081316e-14 
 3.00000000e+01  9.60000000e-01  9.60000000e-01  0.00000000e+00  0.00000000e+00  0.00000000e+00 -2.10338673e-06  6.86627311e-07  1.41675938e-06  4.06769497e-14 
 3.00000000e+01  9.70000000e-01  9.70000000e-01  0.00000000e+00  0.00000000e+00  0.00000000e+00 -2.16648052e-06  7.13612322e-07  1.45286814e-06  5.55284178e-14 
 3.00000000e+01  9.80000000e-01  9.80000000e-01  0.00000000e+00  0.00000000e+00  0.00000000e+00 -2.23139377e-06  7.41521554e-07  1.48987214e-06  7.83917969e-14 
 3.00000000e+01  9.90000000e-01  9.90000000e-01  0.00000000e+00  0.00000000e+00  0.00000000e+00 -2.29817638e-06  7.70383402e-07  1.52779286e-06  1.18452608e-13 
 3.00000000e+01  1.00000000e+00  1.00000000e+00  0.00000000e+00  0.00000000e+00  0.00000000e+00 -2.36687956e-06  8.00227072e-07  1.56665228e-06  2.06269264e-13 
 3.00000000e+01  1.01000000e+00  1.01000000e+00  0.00000000e+00  0.00000000e+00  0.00000000e+00 -2.43755594e-06  8.31082599e-07  1.60647290e-06  4.41814443e-13 
 3.00000000e+01  1.02000000e+00  1.02000000e+00  0.00000000e+00  0.00000000e+00  0.00000000e+00 -2.51025972e-06  8.62980869e-07  1.64727772e-06  1.12593634e-12 
 3.00000000e+01  1.03000000e+00  1.03000000e+00  0.00000000e+00  0.00000000e+00  0.00000000e+00 -2.58504702e-06  8.95953642e-07  1.68909030e-06  3.08097079e-12 
 3.00000000e+01  1.04000000e+00  1.04000000e+00  0.00000000e+00  0.00000000e+00  0.00000000e+00 -2.66197664e-06  9.30033579e-07  1.73193470e-06  8.35770544e-12 
 3.00000000e+01  1.05000000e+00  1.05000000e+00  0.00000000e+00  0.00000000e+00  0.00000000e+00 -2.74111151e-06  9.65254259e-07  1.77583559e-06  2.16627831e-11 
 3.00000000e+01  1.06000000e+00  1.06000000e+00  0.00000000e+00  0.00000000e+00  0.00000000e+00 -2.82252139e-06  1.00165021e-06  1.82081815e-06  5.30265133e-11 
 3.00000000e+01  1.07000000e+00  1.07000000e+00  0.00000000e+00  0.00000000e+00  0.00000000e+00 -2.90628759e-06  1.03925693e-06  1.86690819e-06  1.22461558e-10 
 3.00000000e+01  1.08000000e+00  1.08000000e+00  0.00000000e+00  0.00000000e+00  0.00000000e+00 -2.99251064e-06  1.07811092e-06  1.91413209e-06  2.67624637e-10 
 3.00000000e+01  1.09000000e+00  1.09000000e+00  0.00000000e+00  0.00000000e+00  0.00000000e+00 -3.08132231e-06  1.11824970e-06  1.96251685e-06  5.55764686e-10 
 3.00000000e+01  1.10000000e+00  1.10000000e+00  0.00000000e+00  0.00000000e+00  0.00000000e+00 -3.17290341e-06  1.15971185e-06  2.01209007e-06  1.10149473e-09 
 3.00000000e+01  1.11000000e+00  1.11000000e+00  0.00000000e+00  0.00000000e+00  0.00000000e+00 -3.26750917e-06  1.20253701e-06  2.06288003e-06  2.09213242e-09 
 3.00000000e+01  1.12000000e+00  1.12000000e+00  0.00000000e+00  0.00000000e+00  0.00000000e+00 -3.36550406e-06  1.24676595e-06  2.11491562e-06  3.82248932e-09 
 3.00000000e+01  1.13000000e+00  1.13000000e+00  0.00000000e+00  0.00000000e+00  0.00000000e+00 -3.46740803e-06  1.29244057e-06  2.16822643e-06  6.74103125e-09 
 3.00000000e+01  1.14000000e+00  1.14000000e+00  0.00000000e+00  0.00000000e+00  0.00000000e+00 -3.57395595e-06  1.33960394e-06  2.22284274e-06  1.15092691e-08 
 3.00000000e+01  1.15000000e+00  1.15000000e+00  0.00000000e+00  0.00000000e+00  0.00000000e+00 -3.68617191e-06  1.38830032e-06  2.27879552e-06  1.90760688e-08 
 3.00000000e+01  1.16000000e+00  1.16000000e+00  0.00000000e+00  0.00000000e+00  0.00000000e+00 -3.80545999e-06  1.43857521e-06  2.33611648e-06  3.07682953e-08 
 3.00000000e+01  1.17000000e+00  1.17000000e+00  0.00000000e+00  0.00000000e+00  0.00000000e+00 -3.93371230e-06  1.49047538e-06  2.39483808e-06  4.83988476e-08 
 3.00000000e+01  1.18000000e+00  1.18000000e+00  0.00000000e+00  0.00000000e+00  0.00000000e+00 -4.07343512e-06  1.54404887e-06  2.45499354e-06  7.43927096e-08 
 3.00000000e+01  1.19000000e+00  1.19000000e+00  0.00000000e+00  0.00000000e+00  0.00000000e+00 -4.22789316e-06  1.59934508e-06  2.51661690e-06  1.11931172e-07 
 3.00000000e+01  1.20000000e+00  1.20000000e+00  0.00000000e+00  0.00000000e+00  0.00000000e+00 -4.40127165e-06  1.65641476e-06  2.57974300e-06  1.65113886e-07 
