 3.00000000e+01  1.00000000e-02  0.00000000e+00  1.00000000e-02  0.00000000e+00  0.00000000e+00  1.48809967e-10 -2.97622502e-10  1.48809967e-10  2.56831868e-15 
 3.00000000e+01  2.00000000e-02  0.00000000e+00  2.00000000e-02  0.00000000e+00  0.00000000e+00  2.72683151e-10 -5.45371534e-10  2.72683151e-10  5.23082282e-15 
 3.00000000e+01  3.00000000e-02  0.00000000e+00  3.00000000e-02  0.00000000e+00  0.00000000e+00  3.72893198e-10 -7.45794384e-10  3.72893198e-10  7.98724123e-15 
 3.00000000e+01  4.00000000e-02  0.00000000e+00  4.00000000e-02  0.00000000e+00  0.00000000e+00  4.50670219e-10 -9.01351278e-10  4.50670219e-10  1.08396105e-14 
 3.00000000e+01  5.00000000e-02  0.00000000e+00  5.00000000e-02  0.00000000e+00  0.00000000e+00  5.07203470e-10 -1.01442073e-09  5.07203470e-10  1.37901321e-14 
 3.00000000e+01  6.00000000e-02  0.00000000e+00  6.00000000e-02  0.00000000e+00  0.00000000e+00  5.43644711e-10 -1.08730626e-09  5.43644711e-10  1.68412284e-14 
 3.00000000e+01  7.00000000e-02  0.00000000e+00  7.00000000e-02  0.00000000e+00  0.00000000e+00  5.61112793e-10 -1.12224558e-09  5.61112793e-10  1.99956202e-14 
 3.00000000e+01  8.00000000e-02  0.00000000e+00  8.00000000e-02  0.00000000e+00  0.00000000e+00  5.60700530e-10 -1.12142432e-09  5.60700530e-10  2.32564284e-14 
 3.00000000e+01  9.00000000e-02  0.00000000e+00  9.00000000e-02  0.00000000e+00  0.00000000e+00  5.43486063e-10 -1.08699875e-09  5.43486063e-10  2.66273118e-14 
 3.00000000e+01  1.00000000e-01  0.00000000e+00  1.00000000e-01  0.00000000e+00  0.00000000e+00  5.10553673e-10 -1.02113746e-09  5.10553673e-10  3.01126473e-14 
 3.00000000e+01  1.10000000e-01  0.00000000e+00  1.10000000e-01  0.00000000e+00  0.00000000e+00  4.63036374e-10 -9.26106466e-10  4.63036374e-10  3.37177667e-14 
 3.00000000e+01  1.20000000e-01  0.00000000e+00  1.20000000e-01  0.00000000e+00  0.00000000e+00  4.02214966e-10 -8.04467381e-10  4.02214966e-10  3.74492635e-14 
 3.00000000e+01  1.30000000e-01  0.00000000e+00  1.30000000e-01  0.00000000e+00  0.00000000e+00  3.29788372e-10 -6.59618060e-10  3.29788372e-10  4.13153878e-14 
 3.00000000e+01  1.40000000e-01  0.00000000e+00  1.40000000e-01  0.00000000e+00  0.00000000e+00  2.48788174e-10 -4.97621674e-10  2.48788174e-10  4.53265463e-14 
 3.00000000e+01  1.50000000e-01  0.00000000e+00  1.50000000e-01  0.00000000e+00  0.00000000e+00  1.67709342e-10 -3.35468180e-10  1.67709342e-10  4.94959329e-14 
 3.00000000e+01  1.60000000e-01  0.00000000e+00  1.60000000e-01  0.00000000e+00  0.00000000e+00  1.21957626e-10 -2.43969092e-10  1.21957626e-10  5.38403100e-14 
 3.00000000e+01  1.70000000e-01  0.00000000e+00  1.70000000e-01  0.00000000e+00  0.00000000e+00  1.77544804e-10 -3.55147988e-10  1.77544804e-10  5.83809709e-14 
 3.00000000e+01  1.80000000e-01  0.00000000e+00  1.80000000e-01  0.00000000e+00  0.00000000e+00  3.03648028e-10 -6.07359202e-10  3.03648028e-10  6.31449142e-14 
 3.00000000e+01  1.90000000e-01  0.00000000e+00  1.90000000e-01  0.00000000e+00  0.00000000e+00  4.64914440e-10 -9.29897047e-10  4.64914440e-10  6.81662476e-14 
 3.00000000e+01  2.00000000e-01  0.00000000e+00  2.00000000e-01  0.00000000e+00  0.00000000e+00  6.53883887e-10 -1.30784126e-09  6.53883887e-10  7.34878644e-14 
 3.00000000e+01  2.10000000e-01  0.00000000e+00  2.10000000e-01  0.00000000e+00  0.00000000e+00  8.69761953e-10 -1.73960307e-09  8.69761953e-10  7.91634278e-14 
 3.00000000e+01  2.20000000e-01  0.00000000e+00  2.20000000e-01  0.00000000e+00  0.00000000e+00  1.11364172e-09 -2.22736870e-09  1.11364172e-09  8.52597060e-14 
 3.00000000e+01  2.30000000e-01  0.00000000e+00  2.30000000e-01  0.00000000e+00  0.00000000e+00  1.38759198e-09 -2.77527581e-09  1.38759198e-09  9.18593112e-14 
 3.00000000e+01  2.40000000e-01  0.00000000e+00  2.40000000e-01  0.00000000e+00  0.00000000e+00  1.69456905e-09 -3.38923716e-09  1.69456905e-09  9.90639153e-14 
 3.00000000e+01  2.50000000e-01  0.00000000e+00  2.50000000e-01  0.00000000e+00  0.00000000e+00  2.03861992e-09 -4.07734684e-09  2.03861992e-09  1.06998034e-13 
 3.00000000e+01  2.60000000e-01  0.00000000e+00  2.60000000e-01  0.00000000e+00  0.00000000e+00  2.42527584e-09 -4.85066749e-09  2.42527584e-09  1.15813507e-13 
 3.00000000e+01  2.70000000e-01  0.00000000e+00  2.70000000e-01  0.00000000e+00  0.00000000e+00  2.86212687e-09 -5.72437944e-09  2.86212687e-09  1.25694826e-13 
 3.00000000e+01  2.80000000e-01  0.00000000e+00  2.80000000e-01  0.00000000e+00  0.00000000e+00  3.35957321e-09 -6.71928330e-09  3.35957321e-09  1.36865527e-13 
 3.00000000e+01  2.90000000e-01  0.00000000e+00  2.90000000e-01  0.00000000e+00  0.00000000e+00  3.93170130e-09 -7.86355220e-09  3.93170130e-09  1.49595891e-13 
 3.00000000e+01  3.00000000e-01  0.00000000e+00  3.00000000e-01  0.00000000e+00  0.00000000e+00  4.59712369e-09 -9.19441159e-09  4.59712369e-09  1.64212254e-13 
 3.00000000e+01  3.10000000e-01  0.00000000e+00  3.10000000e-01  0.00000000e+00  0.00000000e+00  5.37945155e-09 -1.07590842e-08  5.37945155e-09  1.81108306e-13 
 3.00000000e+01  3.20000000e-01  0.00000000e+00  3.20000000e-01  0.00000000e+00  0.00000000e+00  6.30690055e-09 -1.26140019e-08  6.30690055e-09  2.00758787e-13 
 3.00000000e+01  3.30000000e-01  0.00000000e+00  3.30000000e-01  0.00000000e+00  0.00000000e+00  7.41053680e-09 -1.48212973e-08  7.41053680e-09  2.23736095e-13 
 3.00000000e+01  3.40000000e-01  0.00000000e+00  3.40000000e-01  0.00000000e+00  0.00000000e+00  8.72107626e-09 -1.74424032e-08  8.72107626e-09  2.50730362e-13 
 3.00000000e+01  3.50000000e-01  0.00000000e+00  3.50000000e-01  0.00000000e+00  0.00000000e+00  1.02649691e-08 -2.05302207e-08  1.02649691e-08  2.82573688e-13 
 3.00000000e+01  3.60000000e-01  0.00000000e+00  3.60000000e-01  0.00000000e+00  0.00000000e+00  1.20612299e-08 -2.41227800e-08  1.20612299e-08  3.20269294e-13 
 3.00000000e+01  3.70000000e-01  0.00000000e+00  3.70000000e-01  0.00000000e+00  0.00000000e+00  1.41203663e-08 -2.82410976e-08  1.41203663e-08  3.65026525e-13 
 3.00000000e+01  3.80000000e-01  0.00000000e+00  3.80000000e-01  0.00000000e+00  0.00000000e+00  1.64456840e-08 -3.28917864e-08  1.64456840e-08  4.18302765e-13 
 3.00000000e+01  3.90000000e-01  0.00000000e+00  3.90000000e-01  0.00000000e+00  0.00000000e+00  1.90360606e-08 -3.80726030e-08  1.90360606e-08  4.81853561e-13 
 3.00000000e+01  4.00000000e-01  0.00000000e+00  4.00000000e-01  0.00000000e+00  0.00000000e+00  2.18888749e-08 -4.37783076e-08  2.18888749e-08  5.57792453e-13 
 3.00000000e+01  4.10000000e-01  0.00000000e+00  4.10000000e-01  0.00000000e+00  0.00000000e+00  2.50022023e-08 -5.00050533e-08  2.50022023e-08  6.48662351e-13 
 3.00000000e+01  4.20000000e-01  0.00000000e+00  4.20000000e-01  0.00000000e+00  0.00000000e+00  2.83760326e-08 -5.67528227e-08  2.83760326e-08  7.57520601e-13 
 3.00000000e+01  4.30000000e-01  0.00000000e+00  4.30000000e-01  0.00000000e+00  0.00000000e+00  3.20126958e-08 -6.40262796e-08  3.20126958e-08  8.88040346e-13 
 3.00000000e+01  4.40000000e-01  0.00000000e+00  4.40000000e-01  0.00000000e+00  0.00000000e+00  3.59168035e-08 -7.18346517e-08  3.59168035e-08  1.04463127e-12 
 3.00000000e+01  4.50000000e-01  0.00000000e+00  4.50000000e-01  0.00000000e+00  0.00000000e+00  4.00949652e-08 -8.01911629e-08  4.00949652e-08  1.23258342e-12 
 3.00000000e+01  4.60000000e-01  0.00000000e+00  4.60000000e-01  0.00000000e+00  0.00000000e+00  4.45554425e-08 -8.91123433e-08  4.45554425e-08  1.45823853e-12 
 3.00000000e+01  4.70000000e-01  0.00000000e+00  4.70000000e-01  0.00000000e+00  0.00000000e+00  4.93078284e-08 -9.86173860e-08  4.93078284e-08  1.72919407e-12 
 3.00000000e+01  4.80000000e-01  0.00000000e+00  4.80000000e-01  0.00000000e+00  0.00000000e+00  5.43627810e-08 -1.08727617e-07  5.43627810e-08  2.05454634e-12 
 3.00000000e+01  4.90000000e-01  0.00000000e+00  4.90000000e-01  0.00000000e+00  0.00000000e+00  5.97318207e-08 -1.19466087e-07  5.97318207e-08  2.44518000e-12 
 3.00000000e+01  5.00000000e-01  0.00000000e+00  5.00000000e-01  0.00000000e+00  0.00000000e+00  6.54271824e-08 -1.30857279e-07  6.54271824e-08  2.91411300e-12 
 3.00000000e+01  5.10000000e-01  0.00000000e+00  5.10000000e-01  0.00000000e+00  0.00000000e+00  7.14617139e-08 -1.42926905e-07  7.14617139e-08  3.47690737e-12 
 3.00000000e+01  5.20000000e-01  0.00000000e+00  5.20000000e-01  0.00000000e+00  0.00000000e+00  7.78488095e-08 -1.55701771e-07  7.78488095e-08  4.15215853e-12 
 3.00000000e+01  5.30000000e-01  0.00000000e+00  5.30000000e-01  0.00000000e+00  0.00000000e+00  8.46023700e-08 -1.69209702e-07  8.46023700e-08  4.96207791e-12 
 3.00000000e+01  5.40000000e-01  0.00000000e+00  5.40000000e-01  0.00000000e+00  0.00000000e+00  9.17367820e-08 -1.83479497e-07  9.17367820e-08  5.93318681e-12 
 3.00000000e+01  5.50000000e-01  0.00000000e+00  5.50000000e-01  0.00000000e+00  0.00000000e+00  9.92669107e-08 -1.98540919e-07  9.92669107e-08  7.09714236e-12 
 3.00000000e+01  5.60000000e-01  0.00000000e+00  5.60000000e-01  0.00000000e+00  0.00000000e+00  1.07208103e-07 -2.14424697e-07  1.07208103e-07  8.49172087e-12 
 3.00000000e+01  5.70000000e-01  0.00000000e+00  5.70000000e-01  0.00000000e+00  0.00000000e+00  1.15576194e-07 -2.31162550e-07  1.15576194e-07  1.01619881e-11 
 3.00000000e+01  5.80000000e-01  0.00000000e+00  5.80000000e-01  0.00000000e+00  0.00000000e+00  1.24387525e-07 -2.48787212e-07  1.24387525e-07  1.21616920e-11 
 3.00000000e+01  5.90000000e-01  0.00000000e+00  5.90000000e-01  0.00000000e+00  0.00000000e+00  1.33658957e-07 -2.67332468e-07  1.33658957e-07  1.45549198e-11 
 3.00000000e+01  6.00000000e-01  0.00000000e+00  6.00000000e-01  0.00000000e+00  0.00000000e+00  1.43407886e-07 -2.86833191e-07  1.43407886e-07  1.74180695e-11 
 3.00000000e+01  6.10000000e-01  0.00000000e+00  6.10000000e-01  0.00000000e+00  0.00000000e+00  1.53652270e-07 -3.07325382e-07  1.53652270e-07  2.08421945e-11 
 3.00000000e+01  6.20000000e-01  0.00000000e+00  6.20000000e-01  0.00000000e+00  0.00000000e+00  1.64410640e-07 -3.28846216e-07  1.64410640e-07  2.49357926e-11 
 3.00000000e+01  6.30000000e-01  0.00000000e+00  6.30000000e-01  0.00000000e+00  0.00000000e+00  1.75702128e-07 -3.51434084e-07  1.75702128e-07  2.98281218e-11 
 3.00000000e+01  6.40000000e-01  0.00000000e+00  6.40000000e-01  0.00000000e+00  0.00000000e+00  1.87546481e-07 -3.75128636e-07  1.87546481e-07  3.56731431e-11 
 3.00000000e+01  6.50000000e-01  0.00000000e+00  6.50000000e-01  0.00000000e+00  0.00000000e+00  1.99964089e-07 -3.99970831e-07  1.99964089e-07  4.26542062e-11 
 3.00000000e+01  6.60000000e-01  0.00000000e+00  6.60000000e-01  0.00000000e+00  0.00000000e+00  2.12975997e-07 -4.26002983e-07  2.12975997e-07  5.09896200e-11 
 3.00000000e+01  6.70000000e-01  0.00000000e+00  6.70000000e-01  0.00000000e+00  0.00000000e+00  2.26603933e-07 -4.53268805e-07  2.26603933e-07  6.09392708e-11 
 3.00000000e+01  6.80000000e-01  0.00000000e+00  6.80000000e-01  0.00000000e+00  0.00000000e+00  2.40870327e-07 -4.81813466e-07  2.40870327e-07  7.28124858e-11 
 3.00000000e+01  6.90000000e-01  0.00000000e+00  6.90000000e-01  0.00000000e+00  0.00000000e+00  2.55798330e-07 -5.11683638e-07  2.55798330e-07  8.69773751e-11 
 3.00000000e+01  7.00000000e-01  0.00000000e+00  7.00000000e-01  0.00000000e+00  0.00000000e+00  2.71411839e-07 -5.42927550e-07  2.71411839e-07  1.03871925e-10 
 3.00000000e+01  7.10000000e-01  0.00000000e+00  7.10000000e-01  0.00000000e+00  0.00000000e+00  2.87735515e-07 -5.75595046e-07  2.87735515e-07  1.24017173e-10 
 3.00000000e+01  7.20000000e-01  0.00000000e+00  7.20000000e-01  0.00000000e+00  0.00000000e+00  3.04794807e-07 -6.09737646e-07  3.04794807e-07  1.48032847e-10 
 3.00000000e+01  7.30000000e-01  0.00000000e+00  7.30000000e-01  0.00000000e+00  0.00000000e+00  3.22615975e-07 -6.45408606e-07  3.22615975e-07  1.76655930e-10 
 3.00000000e+01  7.40000000e-01  0.00000000e+00  7.40000000e-01  0.00000000e+00  0.00000000e+00  3.41226113e-07 -6.82662989e-07  3.41226113e-07  2.10762693e-10 
 3.00000000e+01  7.50000000e-01  0.00000000e+00  7.50000000e-01  0.00000000e+00  0.00000000e+00  3.60653170e-07 -7.21557734e-07  3.60653170e-07  2.51394827e-10 
 3.00000000e+01  7.60000000e-01  0.00000000e+00  7.60000000e-01  0.00000000e+00  0.00000000e+00  3.80925975e-07 -7.62151741e-07  3.80925975e-07  2.99790446e-10 
 3.00000000e+01  7.70000000e-01  0.00000000e+00  7.70000000e-01  0.00000000e+00  0.00000000e+00  4.02074265e-07 -8.04505950e-07  4.02074265e-07  3.57420849e-10 
 3.00000000e+01  7.80000000e-01  0.00000000e+00  7.80000000e-01  0.00000000e+00  0.00000000e+00  4.24128703e-07 -8.48683439e-07  4.24128703e-07  4.26034089e-10 
 3.00000000e+01  7.90000000e-01  0.00000000e+00  7.90000000e-01  0.00000000e+00  0.00000000e+00  4.47120910e-07 -8.94749527e-07  4.47120910e-07  5.07706615e-10 
 3.00000000e+01  8.00000000e-01  0.00000000e+00  8.00000000e-01  0.00000000e+00  0.00000000e+00  4.71083490e-07 -9.42771884e-07  4.71083490e-07  6.04904434e-10 
 3.00000000e+01  8.10000000e-01  0.00000000e+00  8.10000000e-01  0.00000000e+00  0.00000000e+00  4.96050054e-07 -9.92820663e-07  4.96050054e-07  7.20555543e-10 
 3.00000000e+01  8.20000000e-01  0.00000000e+00  8.20000000e-01  0.00000000e+00  0.00000000e+00  5.22055251e-07 -1.04496864e-06  5.22055251e-07  8.58135647e-10 
 3.00000000e+01  8.30000000e-01  0.00000000e+00  8.30000000e-01  0.00000000e+00  0.00000000e+00  5.49134795e-07 -1.09929136e-06  5.49134795e-07  1.02176958e-09 
 3.00000000e+01  8.40000000e-01  0.00000000e+00  8.40000000e-01  0.00000000e+00  0.00000000e+00  5.77325497e-07 -1.15586735e-06  5.77325497e-07  1.21635119e-09 
 3.00000000e+01  8.50000000e-01  0.00000000e+00  8.50000000e-01  0.00000000e+00  0.00000000e+00  6.06665291e-07 -1.21477827e-06  6.06665291e-07  1.44768505e-09 
 3.00000000e+01  8.60000000e-01  0.00000000e+00  8.60000000e-01  0.00000000e+00  0.00000000e+00  6.37193267e-07 -1.27610919e-06  6.37193267e-07  1.72265373e-09 
 3.00000000e+01  8.70000000e-01  0.00000000e+00  8.70000000e-01  0.00000000e+00  0.00000000e+00  6.68949704e-07 -1.33994882e-06  6.68949704e-07  2.04941522e-09 
 3.00000000e+01  8.80000000e-01  0.00000000e+00  8.80000000e-01  0.00000000e+00  0.00000000e+00  7.01976101e-07 -1.40638984e-06  7.01976101e-07  2.43763567e-09 
 3.00000000e+01  8.90000000e-01  0.00000000e+00  8.90000000e-01  0.00000000e+00  0.00000000e+00  7.36315210e-07 -1.47552918e-06  7.36315210e-07  2.89876348e-09 
 3.00000000e+01  9.00000000e-01  0.00000000e+00  9.00000000e-01  0.00000000e+00  0.00000000e+00  7.72011073e-07 -1.54746850e-06  7.72011073e-07  3.44635186e-09 
 3.00000000e+01  9.10000000e-01  0.00000000e+00  9.10000000e-01  0.00000000e+00  0.00000000e+00  8.09109055e-07 -1.62231455e-06  8.09109055e-07  4.09643774e-09 
 3.00000000e+01  9.20000000e-01  0.00000000e+00  9.20000000e-01  0.00000000e+00  0.00000000e+00  8.47655881e-07 -1.70017975e-06  8.47655881e-07  4.86798659e-09 
 3.00000000e+01  9.30000000e-01  0.00000000e+00  9.30000000e-01  0.00000000e+00  0.00000000e+00  8.87699672e-07 -1.78118276e-06  8.87699672e-07  5.78341353e-09 
 3.00000000e+01  9.40000000e-01  0.00000000e+00  9.40000000e-01  0.00000000e+00  0.00000000e+00  9.29289987e-07 -1.86544917e-06  9.29289987e-07  6.86919284e-09 
 3.00000000e+01  9.50000000e-01  0.00000000e+00  9.50000000e-01  0.00000000e+00  0.00000000e+00  9.72477858e-07 -1.95311228e-06  9.72477858e-07  8.15656953e-09 
 3.00000000e+01  9.60000000e-01  0.00000000e+00  9.60000000e-01  0.00000000e+00  0.00000000e+00  1.01731583e-06 -2.04431405e-06  1.01731583e-06  9.68238814e-09 
 3.00000000e+01  9.70000000e-01  0.00000000e+00  9.70000000e-01  0.00000000e+00  0.00000000e+00  1.06385801e-06 -2.13920607e-06  1.06385801e-06  1.14900556e-08 
 3.00000000e+01  9.80000000e-01  0.00000000e+00  9.80000000e-01  0.00000000e+00  0.00000000e+00  1.11216009e-06 -2.23795083e-06  1.11216009e-06  1.36306567e-08 
 3.00000000e+01  9.90000000e-01  0.00000000e+00  9.90000000e-01  0.00000000e+00  0.00000000e+00  1.16227941e-06 -2.34072306e-06  1.16227941e-06  1.61642421e-08 
 3.00000000e+01  1.00000000e+00  0.00000000e+00  1.00000000e+00  0.00000000e+00  0.00000000e+00  1.21427501e-06 -2.44771132e-06  1.21427501e-06  1.91613101e-08 
 3.00000000e+01  1.01000000e+00  0.00000000e+00  1.01000000e+00  0.00000000e+00  0.00000000e+00  1.26820763e-06 -2.55911976e-06  1.26820763e-06  2.27045037e-08 
 3.00000000e+01  1.02000000e+00  0.00000000e+00  1.02000000e+00  0.00000000e+00  0.00000000e+00  1.32413980e-06 -2.67517015e-06  1.32413980e-06  2.68905462e-08 
 3.00000000e+01  1.03000000e+00  0.00000000e+00  1.03000000e+00  0.00000000e+00  0.00000000e+00  1.38213589e-06 -2.79610422e-06  1.38213589e-06  3.18324343e-08 
 3.00000000e+01  1.04000000e+00  0.00000000e+00  1.04000000e+00  0.00000000e+00  0.00000000e+00  1.44226212e-06 -2.92218615e-06  1.44226212e-06  3.76619106e-08 
 3.00000000e+01  1.05000000e+00  0.00000000e+00  1.05000000e+00  0.00000000e+00  0.00000000e+00  1.50458663e-06 -3.05370550e-06  1.50458663e-06  4.45322281e-08 
 3.00000000e+01  1.06000000e+00  0.00000000e+00  1.06000000e+00  0.00000000e+00  0.00000000e+00  1.56917955e-06 -3.19098032e-06  1.56917955e-06  5.26212172e-08 
 3.00000000e+01  1.07000000e+00  0.00000000e+00  1.07000000e+00  0.00000000e+00  0.00000000e+00  1.63611300e-06 -3.33436066e-06  1.63611300e-06  6.21346569e-08 
 3.00000000e+01  1.08000000e+00  0.00000000e+00  1.08000000e+00  0.00000000e+00  0.00000000e+00  1.70546121e-06 -3.48423236e-06  1.70546121e-06  7.33099372e-08 
 3.00000000e+01  1.09000000e+00  0.00000000e+00  1.09000000e+00  0.00000000e+00  0.00000000e+00  1.77730051e-06 -3.64102100e-06  1.77730051e-06  8.64199905e-08 
 3.00000000e+01  1.10000000e+00  0.00000000e+00  1.10000000e+00  0.00000000e+00  0.00000000e+00  1.85170941e-06 -3.80519626e-06  1.85170941e-06  1.01777446e-07 
 3.00000000e+01  1.11000000e+00  0.00000000e+00  1.11000000e+00  0.00000000e+00  0.00000000e+00  1.92876867e-06 -3.97727628e-06  1.92876867e-06  1.19738947e-07 
 3.00000000e+01  1.12000000e+00  0.00000000e+00  1.12000000e+00  0.00000000e+00  0.00000000e+00  2.00856133e-06 -4.15783219e-06  2.00856133e-06  1.40709534e-07 
 3.00000000e+01  1.13000000e+00  0.00000000e+00  1.13000000e+00  0.00000000e+00  0.00000000e+00  2.09117277e-06 -4.34749254e-06  2.09117277e-06  1.65146997e-07 
 3.00000000e+01  1.14000000e+00  0.00000000e+00  1.14000000e+00  0.00000000e+00  0.00000000e+00  2.17669080e-06 -4.54694764e-06  2.17669080e-06  1.93566043e-07 
 3.00000000e+01  1.15000000e+00  0.00000000e+00  1.15000000e+00  0.00000000e+00  0.00000000e+00  2.26520566e-06 -4.75695344e-06  2.26520566e-06  2.26542130e-07 
 3.00000000e+01  1.16000000e+00  0.00000000e+00  1.16000000e+00  0.00000000e+00  0.00000000e+00  2.35681012e-06 -4.97833504e-06  2.35681012e-06  2.64714799e-07 
 3.00000000e+01  1.17000000e+00  0.00000000e+00  1.17000000e+00  0.00000000e+00  0.00000000e+00  2.45159955e-06 -5.21198941e-06  2.45159955e-06  3.08790312e-07 
 3.00000000e+01  1.18000000e+00  0.00000000e+00  1.18000000e+00  0.00000000e+00  0.00000000e+00  2.54967194e-06 -5.45888733e-06  2.54967194e-06  3.59543452e-07 
 3.00000000e+01  1.19000000e+00  0.00000000e+00  1.19000000e+00  0.00000000e+00  0.00000000e+00  2.65112800e-06 -5.72007432e-06  2.65112800e-06  4.17818312e-07 
 3.00000000e+01  1.20000000e+00  0.00000000e+00  1.20000000e+00  0.00000000e+00  0.00000000e+00  2.75607122e-06 -5.99667045e-06  2.75607122e-06  4.84528014e-07 
