 3.00000000e+01  1.00000000e-02  0.00000000e+00  1.00000000e-02  0.00000000e+00  0.00000000e+00  5.56873899e-11 -1.11375741e-10  5.56873899e-11  9.61111565e-16 
 3.00000000e+01  2.00000000e-02  0.00000000e+00  2.00000000e-02  0.00000000e+00  0.00000000e+00  1.02042965e-10 -2.04087888e-10  1.02042965e-10  1.95746889e-15 
 3.00000000e+01  3.00000000e-02  0.00000000e+00  3.00000000e-02  0.00000000e+00  0.00000000e+00  1.39543353e-10 -2.79089694e-10  1.39543353e-10  2.98897049e-15 
 3.00000000e+01  4.00000000e-02  0.00000000e+00  4.00000000e-02  0.00000000e+00  0.00000000e+00  1.68648888e-10 -3.37301833e-10  1.68648888e-10  4.05637850e-15 
 3.00000000e+01  5.00000000e-02  0.00000000e+00  5.00000000e-02  0.00000000e+00  0.00000000e+00  1.89804617e-10 -3.79614395e-10  1.89804617e-10  5.16051668e-15 
 3.00000000e+01  6.00000000e-02  0.00000000e+00  6.00000000e-02  0.00000000e+00  0.00000000e+00  2.03441553e-10 -4.06889408e-10  2.03441553e-10  6.30229161e-15 
 3.00000000e+01  7.00000000e-02  0.00000000e+00  7.00000000e-02  0.00000000e+00  0.00000000e+00  2.09978392e-10 -4.19964267e-10  2.09978392e-10  7.48272137e-15 
 3.00000000e+01  8.00000000e-02  0.00000000e+00  8.00000000e-02  0.00000000e+00  0.00000000e+00  2.09824089e-10 -4.19656881e-10  2.09824089e-10  8.70297394e-15 
 3.00000000e+01  9.00000000e-02  0.00000000e+00  9.00000000e-02  0.00000000e+00  0.00000000e+00  2.03382106e-10 -4.06774177e-10  2.03382106e-10  9.96441843e-15 
 3.00000000e+01  1.00000000e-01  0.00000000e+00  1.00000000e-01  0.00000000e+00  0.00000000e+00  1.91058201e-10 -3.82127672e-10  1.91058201e-10  1.12686928e-14 
 3.00000000e+01  1.10000000e-01  0.00000000e+00  1.10000000e-01  0.00000000e+00  0.00000000e+00  1.73276371e-10 -3.46565359e-10  1.73276371e-10  1.26177922e-14 
 3.00000000e+01  1.20000000e-01  0.00000000e+00  1.20000000e-01  0.00000000e+00  0.00000000e+00  1.50515914e-10 -3.01045844e-10  1.50515914e-10  1.40141842e-14 
 3.00000000e+01  1.30000000e-01  0.00000000e+00  1.30000000e-01  0.00000000e+00  0.00000000e+00  1.23412600e-10 -2.46840662e-10  1.23412600e-10  1.54609559e-14 
 3.00000000e+01  1.40000000e-01  0.00000000e+00  1.40000000e-01  0.00000000e+00  0.00000000e+00  9.31008992e-11 -1.86218763e-10  9.31008992e-11  1.69620020e-14 
 3.00000000e+01  1.50000000e-01  0.00000000e+00  1.50000000e-01  0.00000000e+00  0.00000000e+00  6.27597822e-11 -1.25538089e-10  6.27597822e-11  1.85222597e-14 
 3.00000000e+01  1.60000000e-01  0.00000000e+00  1.60000000e-01  0.00000000e+00  0.00000000e+00  4.56387109e-11 -9.12975685e-11  4.56387109e-11  2.01480024e-14 
 3.00000000e+01  1.70000000e-01  0.00000000e+00  1.70000000e-01  0.00000000e+00  0.00000000e+00  6.64404701e-11 -1.32902788e-10  6.64404701e-11  2.18471992e-14 
 3.00000000e+01  1.80000000e-01  0.00000000e+00  1.80000000e-01  0.00000000e+00  0.00000000e+00  1.13630610e-10 -2.27284851e-10  1.13630610e-10  2.36299532e-14 
 3.00000000e+01  1.90000000e-01  0.00000000e+00  1.90000000e-01  0.00000000e+00  0.00000000e+00  1.73979470e-10 -3.47984449e-10  1.73979470e-10  2.55090279e-14 
 3.00000000e+01  2.00000000e-01  0.00000000e+00  2.00000000e-01  0.00000000e+00  0.00000000e+00  2.44695335e-10 -4.89418167e-10  2.44695335e-10  2.75004747e-14 
 3.00000000e+01  2.10000000e-01  0.00000000e+00  2.10000000e-01  0.00000000e+00  0.00000000e+00  3.25480929e-10 -6.50991481e-10  3.25480929e-10  2.96243756e-14 
 3.00000000e+01  2.20000000e-01  0.00000000e+00  2.20000000e-01  0.00000000e+00  0.00000000e+00  4.16745314e-10 -8.33522536e-10  4.16745314e-10  3.19057166e-14 
 3.00000000e+01  2.30000000e-01  0.00000000e+00  2.30000000e-01  0.00000000e+00  0.00000000e+00  5.19262682e-10 -1.03855974e-09  5.19262682e-10  3.43754130e-14 
 3.00000000e+01  2.40000000e-01  0.00000000e+00  2.40000000e-01  0.00000000e+00  0.00000000e+00  6.34139365e-10 -1.26831580e-09  6.34139365e-10  3.70715128e-14 
 3.00000000e+01  2.50000000e-01  0.00000000e+00  2.50000000e-01  0.00000000e+00  0.00000000e+00  7.62889844e-10 -1.52581973e-09  7.62889844e-10  4.00406127e-14 
 3.00000000e+01  2.60000000e-01  0.00000000e+00  2.60000000e-01  0.00000000e+00  0.00000000e+00  9.07584052e-10 -1.81521144e-09  9.07584052e-10  4.33395345e-14 
 3.00000000e+01  2.70000000e-01  0.00000000e+00  2.70000000e-01  0.00000000e+00  0.00000000e+00  1.07106240e-09 -2.14217183e-09  1.07106240e-09  4.70373200e-14 
 3.00000000e+01  2.80000000e-01  0.00000000e+00  2.80000000e-01  0.00000000e+00  0.00000000e+00  1.25721691e-09 -2.51448504e-09  1.25721691e-09  5.12176225e-14 
 3.00000000e+01  2.90000000e-01  0.00000000e+00  2.90000000e-01  0.00000000e+00  0.00000000e+00  1.47131914e-09 -2.94269427e-09  1.47131914e-09  5.59815881e-14 
 3.00000000e+01  3.00000000e-01  0.00000000e+00  3.00000000e-01  0.00000000e+00  0.00000000e+00  1.72033447e-09 -3.44073038e-09  1.72033447e-09  6.14513420e-14 
 3.00000000e+01  3.10000000e-01  0.00000000e+00  3.10000000e-01  0.00000000e+00  0.00000000e+00  2.01309893e-09 -4.02626563e-09  2.01309893e-09  6.77742154e-14 
 3.00000000e+01  3.20000000e-01  0.00000000e+00  3.20000000e-01  0.00000000e+00  0.00000000e+00  2.36017177e-09 -4.72041866e-09  2.36017177e-09  7.51278733e-14 
 3.00000000e+01  3.30000000e-01  0.00000000e+00  3.30000000e-01  0.00000000e+00  0.00000000e+00  2.77317903e-09 -5.54644179e-09  2.77317903e-09  8.37265286e-14 
 3.00000000e+01  3.40000000e-01  0.00000000e+00  3.40000000e-01  0.00000000e+00  0.00000000e+00  3.26361581e-09 -6.52732544e-09  3.26361581e-09  9.38284581e-14 
 3.00000000e+01  3.50000000e-01  0.00000000e+00  3.50000000e-01  0.00000000e+00  0.00000000e+00  3.84138085e-09 -7.68286744e-09  3.84138085e-09  1.05745070e-13 
 3.00000000e+01  3.60000000e-01  0.00000000e+00  3.60000000e-01  0.00000000e+00  0.00000000e+00  4.51359037e-09 -9.02730059e-09  4.51359037e-09  1.19851819e-13 
 3.00000000e+01  3.70000000e-01  0.00000000e+00  3.70000000e-01  0.00000000e+00  0.00000000e+00  5.28417698e-09 -1.05684906e-08  5.28417698e-09  1.36601303e-13 
 3.00000000e+01  3.80000000e-01  0.00000000e+00  3.80000000e-01  0.00000000e+00  0.00000000e+00  6.15437823e-09 -1.23089130e-08  6.15437823e-09  1.56538952e-13 
 3.00000000e+01  3.90000000e-01  0.00000000e+00  3.90000000e-01  0.00000000e+00  0.00000000e+00  7.12377443e-09 -1.42477292e-08  7.12377443e-09  1.80321791e-13 
 3.00000000e+01  4.00000000e-01  0.00000000e+00  4.00000000e-01  0.00000000e+00  0.00000000e+00  8.19138528e-09 -1.63829793e-08  8.19138528e-09  2.08740833e-13 
 3.00000000e+01  4.10000000e-01  0.00000000e+00  4.10000000e-01  0.00000000e+00  0.00000000e+00  9.35649108e-09 -1.87132249e-08  9.35649108e-09  2.42747796e-13 
 3.00000000e+01  4.20000000e-01  0.00000000e+00  4.20000000e-01  0.00000000e+00  0.00000000e+00  1.06190887e-08 -2.12384609e-08  1.06190887e-08  2.83486944e-13 
 3.00000000e+01  4.30000000e-01  0.00000000e+00  4.30000000e-01  0.00000000e+00  0.00000000e+00  1.19800510e-08 -2.39604343e-08  1.19800510e-08  3.32333026e-13 
 3.00000000e+01  4.40000000e-01  0.00000000e+00  4.40000000e-01  0.00000000e+00  0.00000000e+00  1.34411046e-08 -2.68826000e-08  1.34411046e-08  3.90936478e-13 
 3.00000000e+01  4.50000000e-01  0.00000000e+00  4.50000000e-01  0.00000000e+00  0.00000000e+00  1.50047238e-08 -3.00099089e-08  1.50047238e-08  4.61277259e-13 
 3.00000000e+01  4.60000000e-01  0.00000000e+00  4.60000000e-01  0.00000000e+00  0.00000000e+00  1.66740017e-08 -3.33485491e-08  1.66740017e-08  5.45728978e-13 
 3.00000000e+01  4.70000000e-01  0.00000000e+00  4.70000000e-01  0.00000000e+00  0.00000000e+00  1.84525292e-08 -3.69057056e-08  1.84525292e-08  6.47135290e-13 
 3.00000000e+01  4.80000000e-01  0.00000000e+00  4.80000000e-01  0.00000000e+00  0.00000000e+00  2.03442964e-08 -4.06893616e-08  2.03442964e-08  7.68900888e-13 
 3.00000000e+01  4.90000000e-01  0.00000000e+00  4.90000000e-01  0.00000000e+00  0.00000000e+00  2.23536157e-08 -4.47081466e-08  2.23536157e-08  9.15099904e-13 
 3.00000000e+01  5.00000000e-01  0.00000000e+00  5.00000000e-01  0.00000000e+00  0.00000000e+00  2.44850675e-08 -4.89712257e-08  2.44850675e-08  1.09060503e-12 
 3.00000000e+01  5.10000000e-01  0.00000000e+00  5.10000000e-01  0.00000000e+00  0.00000000e+00  2.67434614e-08 -5.34882241e-08  2.67434614e-08  1.30124132e-12 
 3.00000000e+01  5.20000000e-01  0.00000000e+00  5.20000000e-01  0.00000000e+00  0.00000000e+00  2.91338118e-08 -5.82691776e-08  2.91338118e-08  1.55396937e-12 
 3.00000000e+01  5.30000000e-01  0.00000000e+00  5.30000000e-01  0.00000000e+00  0.00000000e+00  3.16613228e-08 -6.33245026e-08  3.16613228e-08  1.85710347e-12 
 3.00000000e+01  5.40000000e-01  0.00000000e+00  5.40000000e-01  0.00000000e+00  0.00000000e+00  3.43313803e-08 -6.86649811e-08  3.43313803e-08  2.22057138e-12 
 3.00000000e+01  5.50000000e-01  0.00000000e+00  5.50000000e-01  0.00000000e+00  0.00000000e+00  3.71495497e-08 -7.43017557e-08  3.71495497e-08  2.65622360e-12 
 3.00000000e+01  5.60000000e-01  0.00000000e+00  5.60000000e-01  0.00000000e+00  0.00000000e+00  4.01215768e-08 -8.02463317e-08  4.01215768e-08  3.17820154e-12 
 3.00000000e+01  5.70000000e-01  0.00000000e+00  5.70000000e-01  0.00000000e+00  0.00000000e+00  4.32533907e-08 -8.65105847e-08  4.32533907e-08  3.80337576e-12 
 3.00000000e+01  5.80000000e-01  0.00000000e+00  5.80000000e-01  0.00000000e+00  0.00000000e+00  4.65511094e-08 -9.31067707e-08  4.65511094e-08  4.55186749e-12 
 3.00000000e+01  5.90000000e-01  0.00000000e+00  5.90000000e-01  0.00000000e+00  0.00000000e+00  5.00210460e-08 -1.00047540e-07  5.00210460e-08  5.44766912e-12 
 3.00000000e+01  6.00000000e-01  0.00000000e+00  6.00000000e-01  0.00000000e+00  0.00000000e+00  5.36697147e-08 -1.07345949e-07  5.36697147e-08  6.51938253e-12 
 3.00000000e+01  6.10000000e-01  0.00000000e+00  6.10000000e-01  0.00000000e+00  0.00000000e+00  5.75038391e-08 -1.15015479e-07  5.75038391e-08  7.80109718e-12 
 3.00000000e+01  6.20000000e-01  0.00000000e+00  6.20000000e-01  0.00000000e+00  0.00000000e+00  6.15303589e-08 -1.23070051e-07  6.15303589e-08  9.33343454e-12 
 3.00000000e+01  6.30000000e-01  0.00000000e+00  6.30000000e-01  0.00000000e+00  0.00000000e+00  6.57564380e-08 -1.31524041e-07  6.57564380e-08  1.11647901e-11 
 3.00000000e+01  6.40000000e-01  0.00000000e+00  6.40000000e-01  0.00000000e+00  0.00000000e+00  7.01894717e-08 -1.40392296e-07  7.01894717e-08  1.33528098e-11 
 3.00000000e+01  6.50000000e-01  0.00000000e+00  6.50000000e-01  0.00000000e+00  0.00000000e+00  7.48370951e-08 -1.49690156e-07  7.48370951e-08  1.59661456e-11 
 3.00000000e+01  6.60000000e-01  0.00000000e+00  6.60000000e-01  0.00000000e+00  0.00000000e+00  7.97071904e-08 -1.59433467e-07  7.97071904e-08  1.90865416e-11 
 3.00000000e+01  6.70000000e-01  0.00000000e+00  6.70000000e-01  0.00000000e+00  0.00000000e+00  8.48078952e-08 -1.69638602e-07  8.48078952e-08  2.28113135e-11 
 3.00000000e+01  6.80000000e-01  0.00000000e+00  6.80000000e-01  0.00000000e+00  0.00000000e+00  9.01476097e-08 -1.80322476e-07  9.01476097e-08  2.72562943e-11 
 3.00000000e+01  6.90000000e-01  0.00000000e+00  6.90000000e-01  0.00000000e+00  0.00000000e+00  9.57350054e-08 -1.91502570e-07  9.57350054e-08  3.25593339e-11 
 3.00000000e+01  7.00000000e-01  0.00000000e+00  7.00000000e-01  0.00000000e+00  0.00000000e+00  1.01579033e-07 -2.03196950e-07  1.01579033e-07  3.88844554e-11 
 3.00000000e+01  7.10000000e-01  0.00000000e+00  7.10000000e-01  0.00000000e+00  0.00000000e+00  1.07688929e-07 -2.15424286e-07  1.07688929e-07  4.64267916e-11 
 3.00000000e+01  7.20000000e-01  0.00000000e+00  7.20000000e-01  0.00000000e+00  0.00000000e+00  1.14074229e-07 -2.28203876e-07  1.14074229e-07  5.54184447e-11 
 3.00000000e+01  7.30000000e-01  0.00000000e+00  7.30000000e-01  0.00000000e+00  0.00000000e+00  1.20744767e-07 -2.41555670e-07  1.20744767e-07  6.61354432e-11 
 3.00000000e+01  7.40000000e-01  0.00000000e+00  7.40000000e-01  0.00000000e+00  0.00000000e+00  1.27710696e-07 -2.55500297e-07  1.27710696e-07  7.89059971e-11 
 3.00000000e+01  7.50000000e-01  0.00000000e+00  7.50000000e-01  0.00000000e+00  0.00000000e+00  1.34982484e-07 -2.70059089e-07  1.34982484e-07  9.41202933e-11 
 3.00000000e+01  7.60000000e-01  0.00000000e+00  7.60000000e-01  0.00000000e+00  0.00000000e+00  1.42570935e-07 -2.85254112e-07  1.42570935e-07  1.12242114e-10 
 3.00000000e+01  7.70000000e-01  0.00000000e+00  7.70000000e-01  0.00000000e+00  0.00000000e+00  1.50487189e-07 -3.01108200e-07  1.50487189e-07  1.33822616e-10 
 3.00000000e+01  7.80000000e-01  0.00000000e+00  7.80000000e-01  0.00000000e+00  0.00000000e+00  1.58742736e-07 -3.17644988e-07  1.58742736e-07  1.59516662e-10 
 3.00000000e+01  7.90000000e-01  0.00000000e+00  7.90000000e-01  0.00000000e+00  0.00000000e+00  1.67349424e-07 -3.34888951e-07  1.67349424e-07  1.90102178e-10 
 3.00000000e+01  8.00000000e-01  0.00000000e+00  8.00000000e-01  0.00000000e+00  0.00000000e+00  1.76319473e-07 -3.52865449e-07  1.76319473e-07  2.26503088e-10 
 3.00000000e+01  8.10000000e-01  0.00000000e+00  8.10000000e-01  0.00000000e+00  0.00000000e+00  1.85665478e-07 -3.71600772e-07  1.85665478e-07  2.69816464e-10 
 3.00000000e+01  8.20000000e-01  0.00000000e+00  8.20000000e-01  0.00000000e+00  0.00000000e+00  1.95400425e-07 -3.91122195e-07  1.95400425e-07  3.21344672e-10 
 3.00000000e+01  8.30000000e-01  0.00000000e+00  8.30000000e-01  0.00000000e+00  0.00000000e+00  2.05537701e-07 -4.11458034e-07  2.05537701e-07  3.82633401e-10 
 3.00000000e+01  8.40000000e-01  0.00000000e+00  8.40000000e-01  0.00000000e+00  0.00000000e+00  2.16091102e-07 -4.32637721e-07  2.16091102e-07  4.55516628e-10 
 3.00000000e+01  8.50000000e-01  0.00000000e+00  8.50000000e-01  0.00000000e+00  0.00000000e+00  2.27074850e-07 -4.54691870e-07  2.27074850e-07  5.42169758e-10 
 3.00000000e+01  8.60000000e-01  0.00000000e+00  8.60000000e-01  0.00000000e+00  0.00000000e+00  2.38503599e-07 -4.77652370e-07  2.38503599e-07  6.45172380e-10 
 3.00000000e+01  8.70000000e-01  0.00000000e+00  8.70000000e-01  0.00000000e+00  0.00000000e+00  2.50392450e-07 -5.01552482e-07  2.50392450e-07  7.67582320e-10 
 3.00000000e+01  8.80000000e-01  0.00000000e+00  8.80000000e-01  0.00000000e+00  0.00000000e+00  2.62756963e-07 -5.26426949e-07  2.62756963e-07  9.13022956e-10 
 3.00000000e+01  8.90000000e-01  0.00000000e+00  8.90000000e-01  0.00000000e+00  0.00000000e+00  2.75613170e-07 -5.52312125e-07  2.75613170e-07  1.08578607e-09 
 3.00000000e+01  9.00000000e-01  0.00000000e+00  9.00000000e-01  0.00000000e+00  0.00000000e+00  2.88977586e-07 -5.79246125e-07  2.88977586e-07  1.29095289e-09 
 3.00000000e+01  9.10000000e-01  0.00000000e+00  9.10000000e-01  0.00000000e+00  0.00000000e+00  3.02867226e-07 -6.07268988e-07  3.02867226e-07  1.53453627e-09 
 3.00000000e+01  9.20000000e-01  0.00000000e+00  9.20000000e-01  0.00000000e+00  0.00000000e+00  3.17299616e-07 -6.36422880e-07  3.17299616e-07  1.82364770e-09 
 3.00000000e+01  9.30000000e-01  0.00000000e+00  9.30000000e-01  0.00000000e+00  0.00000000e+00  3.32292807e-07 -6.66752308e-07  3.32292807e-07  2.16669288e-09 
 3.00000000e+01  9.40000000e-01  0.00000000e+00  9.40000000e-01  0.00000000e+00  0.00000000e+00  3.47865393e-07 -6.98304386e-07  3.47865393e-07  2.57360060e-09 
 3.00000000e+01  9.50000000e-01  0.00000000e+00  9.50000000e-01  0.00000000e+00  0.00000000e+00  3.64036520e-07 -7.31129130e-07  3.64036520e-07  3.05608989e-09 
 3.00000000e+01  9.60000000e-01  0.00000000e+00  9.60000000e-01  0.00000000e+00  0.00000000e+00  3.80825907e-07 -7.65279795e-07  3.80825907e-07  3.62798130e-09 
 3.00000000e+01  9.70000000e-01  0.00000000e+00  9.70000000e-01  0.00000000e+00  0.00000000e+00  3.98253860e-07 -8.00813278e-07  3.98253860e-07  4.30555855e-09 
 3.00000000e+01  9.80000000e-01  0.00000000e+00  9.80000000e-01  0.00000000e+00  0.00000000e+00  4.16341285e-07 -8.37790557e-07  4.16341285e-07  5.10798760e-09 
 3.00000000e+01  9.90000000e-01  0.00000000e+00  9.90000000e-01  0.00000000e+00  0.00000000e+00  4.35109710e-07 -8.76277221e-07  4.35109710e-07  6.05780055e-09 
 3.00000000e+01  1.00000000e+00  0.00000000e+00  1.00000000e+00  0.00000000e+00  0.00000000e+00  4.54581299e-07 -9.16344050e-07  4.54581299e-07  7.18145247e-09 
 3.00000000e+01  1.01000000e+00  0.00000000e+00  1.01000000e+00  0.00000000e+00  0.00000000e+00  4.74778867e-07 -9.58067694e-07  4.74778867e-07  8.50995941e-09 
 3.00000000e+01  1.02000000e+00  0.00000000e+00  1.02000000e+00  0.00000000e+00  0.00000000e+00  4.95725904e-07 -1.00153143e-06  4.95725904e-07  1.00796258e-08 
 3.00000000e+01  1.03000000e+00  0.00000000e+00  1.03000000e+00  0.00000000e+00  0.00000000e+00  5.17446589e-07 -1.04682605e-06  5.17446589e-07  1.19328694e-08 
 3.00000000e+01  1.04000000e+00  0.00000000e+00  1.04000000e+00  0.00000000e+00  0.00000000e+00  5.39965810e-07 -1.09405077e-06  5.39965810e-07  1.41191510e-08 
 3.00000000e+01  1.05000000e+00  0.00000000e+00  1.05000000e+00  0.00000000e+00  0.00000000e+00  5.63309181e-07 -1.14331438e-06  5.63309181e-07  1.66960144e-08 
 3.00000000e+01  1.06000000e+00  0.00000000e+00  1.06000000e+00  0.00000000e+00  0.00000000e+00  5.87503069e-07 -1.19473638e-06  5.87503069e-07  1.97302408e-08 
 3.00000000e+01  1.07000000e+00  0.00000000e+00  1.07000000e+00  0.00000000e+00  0.00000000e+00  6.12574605e-07 -1.24844833e-06  6.12574605e-07  2.32991174e-08 
 3.00000000e+01  1.08000000e+00  0.00000000e+00  1.08000000e+00  0.00000000e+00  0.00000000e+00  6.38551711e-07 -1.30459524e-06  6.38551711e-07  2.74918165e-08 
 3.00000000e+01  1.09000000e+00  0.00000000e+00  1.09000000e+00  0.00000000e+00  0.00000000e+00  6.65463120e-07 -1.36333712e-06  6.65463120e-07  3.24108766e-08 
 3.00000000e+01  1.10000000e+00  0.00000000e+00  1.10000000e+00  0.00000000e+00  0.00000000e+00  6.93338399e-07 -1.42485057e-06  6.93338399e-07  3.81737679e-08 
 3.00000000e+01  1.11000000e+00  0.00000000e+00  1.11000000e+00  0.00000000e+00  0.00000000e+00  7.22207967e-07 -1.48933045e-06  7.22207967e-07  4.49145192e-08 
 3.00000000e+01  1.12000000e+00  0.00000000e+00  1.12000000e+00  0.00000000e+00  0.00000000e+00  7.52103124e-07 -1.55699162e-06  7.52103124e-07  5.27853736e-08 
 3.00000000e+01  1.13000000e+00  0.00000000e+00  1.13000000e+00  0.00000000e+00  0.00000000e+00  7.83056070e-07 -1.62807057e-06  7.83056070e-07  6.19584301e-08 
 3.00000000e+01  1.14000000e+00  0.00000000e+00  1.14000000e+00  0.00000000e+00  0.00000000e+00  8.15099932e-07 -1.70282708e-06  8.15099932e-07  7.26272197e-08 
 3.00000000e+01  1.15000000e+00  0.00000000e+00  1.15000000e+00  0.00000000e+00  0.00000000e+00  8.48268789e-07 -1.78154573e-06  8.48268789e-07  8.50081577e-08 
 3.00000000e+01  1.16000000e+00  0.00000000e+00  1.16000000e+00  0.00000000e+00  0.00000000e+00  8.82597692e-07 -1.86453719e-06  8.82597692e-07  9.93418070e-08 
 3.00000000e+01  1.17000000e+00  0.00000000e+00  1.17000000e+00  0.00000000e+00  0.00000000e+00  9.18122700e-07 -1.95213929e-06  9.18122700e-07  1.15893886e-07 
 3.00000000e+01  1.18000000e+00  0.00000000e+00  1.18000000e+00  0.00000000e+00  0.00000000e+00  9.54880897e-07 -2.04471775e-06  9.54880897e-07  1.34955960e-07 
 3.00000000e+01  1.19000000e+00  0.00000000e+00  1.19000000e+00  0.00000000e+00  0.00000000e+00  9.92910424e-07 -2.14266661e-06  9.92910424e-07  1.56845758e-07 
 3.00000000e+01  1.20000000e+00  0.00000000e+00  1.20000000e+00  0.00000000e+00  0.00000000e+00  1.03225051e-06 -2.24640810e-06  1.03225051e-06  1.81907083e-07 
