 3.00000000e+01  1.00000000e-02  1.00000000e-02  0.00000000e+00  0.00000000e+00  0.00000000e+00 -4.65660137e-09  2.16915767e-11  4.63490661e-09  3.18036153e-15 
 3.00000000e+01  2.00000000e-02  2.00000000e-02  0.00000000e+00  0.00000000e+00  0.00000000e+00 -8.28420044e-09  4.68058777e-11  8.23738921e-09  5.34953472e-15 
 3.00000000e+01  3.00000000e-02  3.00000000e-02  0.00000000e+00  0.00000000e+00  0.00000000e+00 -1.09990712e-08  7.55184954e-11  1.09235459e-08  6.82901376e-15 
 3.00000000e+01  4.00000000e-02  4.00000000e-02  0.00000000e+00  0.00000000e+00  0.00000000e+00 -1.29775831e-08  1.08011430e-10  1.28695638e-08  7.83822252e-15 
 3.00000000e+01  5.00000000e-02  5.00000000e-02  0.00000000e+00  0.00000000e+00  0.00000000e+00 -1.44269359e-08  1.44473315e-10  1.42824541e-08  8.52678465e-15 
 3.00000000e+01  6.00000000e-02  6.00000000e-02  0.00000000e+00  0.00000000e+00  0.00000000e+00 -1.55355293e-08  1.85099650e-10  1.53504206e-08  8.99672092e-15 
 3.00000000e+01  7.00000000e-02  7.00000000e-02  0.00000000e+00  0.00000000e+00  0.00000000e+00 -1.64412180e-08  2.30093026e-10  1.62111157e-08  9.31759423e-15 
 3.00000000e+01  8.00000000e-02  8.00000000e-02  0.00000000e+00  0.00000000e+00  0.00000000e+00 -1.72313960e-08  2.79663361e-10  1.69517231e-08  9.53683893e-15 
 3.00000000e+01  9.00000000e-02  9.00000000e-02  0.00000000e+00  0.00000000e+00  0.00000000e+00 -1.79578589e-08  3.34028136e-10  1.76238210e-08  9.68680215e-15 
 3.00000000e+01  1.00000000e-01  1.00000000e-01  0.00000000e+00  0.00000000e+00  0.00000000e+00 -1.86509510e-08  3.93412642e-10  1.82575286e-08  9.78954347e-15 
 3.00000000e+01  1.10000000e-01  1.10000000e-01  0.00000000e+00  0.00000000e+00  0.00000000e+00 -1.93288289e-08  4.58050222e-10  1.88707689e-08  9.86010724e-15 
 3.00000000e+01  1.20000000e-01  1.20000000e-01  0.00000000e+00  0.00000000e+00  0.00000000e+00 -2.00027737e-08  5.28182530e-10  1.94745812e-08  9.90875374e-15 
 3.00000000e+01  1.30000000e-01  1.30000000e-01  0.00000000e+00  0.00000000e+00  0.00000000e+00 -2.06801186e-08  6.04059792e-10  2.00760488e-08  9.94248083e-15 
 3.00000000e+01  1.40000000e-01  1.40000000e-01  0.00000000e+00  0.00000000e+00  0.00000000e+00 -2.13658666e-08  6.85941069e-10  2.06799156e-08  9.96606155e-15 
 3.00000000e+01  1.50000000e-01  1.50000000e-01  0.00000000e+00  0.00000000e+00  0.00000000e+00 -2.20636030e-08  7.74094541e-10  2.12894984e-08  9.98275176e-15 
 3.00000000e+01  1.60000000e-01  1.60000000e-01  0.00000000e+00  0.00000000e+00  0.00000000e+00 -2.27760243e-08  8.68797779e-10  2.19072166e-08  9.99477274e-15 
 3.00000000e+01  1.70000000e-01  1.70000000e-01  0.00000000e+00  0.00000000e+00  0.00000000e+00 -2.35052560e-08  9.70338045e-10  2.25349080e-08  1.00036403e-14 
 3.00000000e+01  1.80000000e-01  1.80000000e-01  0.00000000e+00  0.00000000e+00  0.00000000e+00 -2.42530475e-08  1.07901258e-09  2.31740249e-08  1.00103891e-14 
 3.00000000e+01  1.90000000e-01  1.90000000e-01  0.00000000e+00  0.00000000e+00  0.00000000e+00 -2.50208967e-08  1.19512893e-09  2.38257577e-08  1.00157259e-14 
 3.00000000e+01  2.00000000e-01  2.00000000e-01  0.00000000e+00  0.00000000e+00  0.00000000e+00 -2.58101312e-08  1.31900522e-09  2.44911159e-08  1.00201338e-14 
 3.00000000e+01  2.10000000e-01  2.10000000e-01  0.00000000e+00  0.00000000e+00  0.00000000e+00 -2.66219626e-08  1.45097054e-09  2.51709821e-08  1.00239433e-14 
 3.00000000e+01  2.20000000e-01  2.20000000e-01  0.00000000e+00  0.00000000e+00  0.00000000e+00 -2.74575241e-08  1.59136522e-09  2.58661489e-08  1.00273812e-14 
 3.00000000e+01  2.30000000e-01  2.30000000e-01  0.00000000e+00  0.00000000e+00  0.00000000e+00 -2.83178964e-08  1.74054119e-09  2.65773452e-08  1.00306034e-14 
 3.00000000e+01  2.40000000e-01  2.40000000e-01  0.00000000e+00  0.00000000e+00  0.00000000e+00 -2.92041265e-08  1.89886237e-09  2.73052541e-08  1.00337175e-14 
 3.00000000e+01  2.50000000e-01  2.50000000e-01  0.00000000e+00  0.00000000e+00  0.00000000e+00 -3.01172417e-08  2.06670495e-09  2.80505267e-08  1.00367981e-14 
 3.00000000e+01  2.60000000e-01  2.60000000e-01  0.00000000e+00  0.00000000e+00  0.00000000e+00 -3.10582599e-08  2.24445786e-09  2.88137920e-08  1.00398979e-14 
 3.00000000e+01  2.70000000e-01  2.70000000e-01  0.00000000e+00  0.00000000e+00  0.00000000e+00 -3.20281970e-08  2.43252306e-09  2.95956639e-08  1.00430539e-14 
 3.00000000e+01  2.80000000e-01  2.80000000e-01  0.00000000e+00  0.00000000e+00  0.00000000e+00 -3.30280737e-08  2.63131599e-09  3.03967477e-08  1.00462930e-14 
 3.00000000e+01  2.90000000e-01  2.90000000e-01  0.00000000e+00  0.00000000e+00  0.00000000e+00 -3.40589196e-08  2.84126597e-09  3.12176436e-08  1.00496353e-14 
 3.00000000e+01  3.00000000e-01  3.00000000e-01  0.00000000e+00  0.00000000e+00  0.00000000e+00 -3.51217776e-08  3.06281659e-09  3.20589510e-08  1.00530960e-14 
 3.00000000e+01  3.10000000e-01  3.10000000e-01  0.00000000e+00  0.00000000e+00  0.00000000e+00 -3.62177071e-08  3.29642614e-09  3.29212709e-08  1.00566870e-14 
 3.00000000e+01  3.20000000e-01  3.20000000e-01  0.00000000e+00  0.00000000e+00  0.00000000e+00 -3.73477863e-08  3.54256808e-09  3.38052081e-08  1.00604184e-14 
 3.00000000e+01  3.30000000e-01  3.30000000e-01  0.00000000e+00  0.00000000e+00  0.00000000e+00 -3.85131150e-08  3.80173144e-09  3.47113735e-08  1.00642988e-14 
 3.00000000e+01  3.40000000e-01  3.40000000e-01  0.00000000e+00  0.00000000e+00  0.00000000e+00 -3.97148164e-08  4.07442133e-09  3.56403850e-08  1.00683359e-14 
 3.00000000e+01  3.50000000e-01  3.50000000e-01  0.00000000e+00  0.00000000e+00  0.00000000e+00 -4.09540390e-08  4.36115939e-09  3.65928696e-08  1.00725369e-14 
 3.00000000e+01  3.60000000e-01  3.60000000e-01  0.00000000e+00  0.00000000e+00  0.00000000e+00 -4.22319583e-08  4.66248426e-09  3.75694639e-08  1.00769087e-14 
 3.00000000e+01  3.70000000e-01  3.70000000e-01  0.00000000e+00  0.00000000e+00  0.00000000e+00 -4.35497780e-08  4.97895214e-09  3.85708157e-08  1.00814580e-14 
 3.00000000e+01  3.80000000e-01  3.80000000e-01  0.00000000e+00  0.00000000e+00  0.00000000e+00 -4.49087318e-08  5.31113725e-09  3.95975845e-08  1.00861916e-14 
 3.00000000e+01  3.90000000e-01  3.90000000e-01  0.00000000e+00  0.00000000e+00  0.00000000e+00 -4.63100847e-08  5.65963239e-09  4.06504422e-08  1.00911162e-14 
 3.00000000e+01  4.00000000e-01  4.00000000e-01  0.00000000e+00  0.00000000e+00  0.00000000e+00 -4.77551342e-08  6.02504947e-09  4.17300746e-08  1.00962387e-14 
 3.00000000e+01  4.10000000e-01  4.10000000e-01  0.00000000e+00  0.00000000e+00  0.00000000e+00 -4.92452113e-08  6.40802007e-09  4.28371812e-08  1.01015660e-14 
 3.00000000e+01  4.20000000e-01  4.20000000e-01  0.00000000e+00  0.00000000e+00  0.00000000e+00 -5.07816824e-08  6.80919602e-09  4.39724763e-08  1.01071054e-14 
 3.00000000e+01  4.30000000e-01  4.30000000e-01  0.00000000e+00  0.00000000e+00  0.00000000e+00 -5.23659499e-08  7.22925001e-09  4.51366898e-08  1.01128642e-14 
 3.00000000e+01  4.40000000e-01  4.40000000e-01  0.00000000e+00  0.00000000e+00  0.00000000e+00 -5.39994536e-08  7.66887616e-09  4.63305673e-08  1.01188500e-14 
 3.00000000e+01  4.50000000e-01  4.50000000e-01  0.00000000e+00  0.00000000e+00  0.00000000e+00 -5.56836719e-08  8.12879065e-09  4.75548711e-08  1.01250706e-14 
 3.00000000e+01  4.60000000e-01  4.60000000e-01  0.00000000e+00  0.00000000e+00  0.00000000e+00 -5.74201232e-08  8.60973238e-09  4.88103807e-08  1.01315340e-14 
 3.00000000e+01  4.70000000e-01  4.70000000e-01  0.00000000e+00  0.00000000e+00  0.00000000e+00 -5.92103666e-08  9.11246364e-09  5.00978929e-08  1.01382484e-14 
 3.00000000e+01  4.80000000e-01  4.80000000e-01  0.00000000e+00  0.00000000e+00  0.00000000e+00 -6.10560039e-08  9.63777074e-09  5.14182230e-08  1.01452224e-14 
 3.00000000e+01  4.90000000e-01  4.90000000e-01  0.00000000e+00  0.00000000e+00  0.00000000e+00 -6.29586798e-08  1.01864647e-08  5.27722050e-08  1.01524648e-14 
 3.00000000e+01  5.00000000e-01  5.00000000e-01  0.00000000e+00  0.00000000e+00  0.00000000e+00 -6.49200842e-08  1.07593821e-08  5.41606920e-08  1.01599847e-14 
 3.00000000e+01  5.10000000e-01  5.10000000e-01  0.00000000e+00  0.00000000e+00  0.00000000e+00 -6.69419528e-08  1.13573855e-08  5.55845571e-08  1.01677913e-14 
 3.00000000e+01  5.20000000e-01  5.20000000e-01  0.00000000e+00  0.00000000e+00  0.00000000e+00 -6.90260684e-08  1.19813647e-08  5.70446935e-08  1.01758944e-14 
 3.00000000e+01  5.30000000e-01  5.30000000e-01  0.00000000e+00  0.00000000e+00  0.00000000e+00 -7.11742626e-08  1.26322369e-08  5.85420155e-08  1.01843037e-14 
 3.00000000e+01  5.40000000e-01  5.40000000e-01  0.00000000e+00  0.00000000e+00  0.00000000e+00 -7.33884168e-08  1.33109479e-08  6.00774587e-08  1.01930297e-14 
 3.00000000e+01  5.50000000e-01  5.50000000e-01  0.00000000e+00  0.00000000e+00  0.00000000e+00 -7.56704637e-08  1.40184730e-08  6.16519805e-08  1.02020827e-14 
 3.00000000e+01  5.60000000e-01  5.60000000e-01  0.00000000e+00  0.00000000e+00  0.00000000e+00 -7.80223886e-08  1.47558174e-08  6.32665610e-08  1.02114737e-14 
 3.00000000e+01  5.70000000e-01  5.70000000e-01  0.00000000e+00  0.00000000e+00  0.00000000e+00 -8.04462309e-08  1.55240174e-08  6.49222033e-08  1.02212139e-14 
 3.00000000e+01  5.80000000e-01  5.80000000e-01  0.00000000e+00  0.00000000e+00  0.00000000e+00 -8.29440855e-08  1.63241412e-08  6.66199341e-08  1.02313147e-14 
 3.00000000e+01  5.90000000e-01  5.90000000e-01  0.00000000e+00  0.00000000e+00  0.00000000e+00 -8.55181043e-08  1.71572899e-08  6.83608042e-08  1.02417882e-14 
 3.00000000e+01  6.00000000e-01  6.00000000e-01  0.00000000e+00  0.00000000e+00  0.00000000e+00 -8.81704975e-08  1.80245981e-08  7.01458891e-08  1.02526465e-14 
 3.00000000e+01  6.10000000e-01  6.10000000e-01  0.00000000e+00  0.00000000e+00  0.00000000e+00 -9.09035357e-08  1.89272354e-08  7.19762900e-08  1.02639023e-14 
 3.00000000e+01  6.20000000e-01  6.20000000e-01  0.00000000e+00  0.00000000e+00  0.00000000e+00 -9.37195507e-08  1.98664068e-08  7.38531337e-08  1.02755686e-14 
 3.00000000e+01  6.30000000e-01  6.30000000e-01  0.00000000e+00  0.00000000e+00  0.00000000e+00 -9.66209379e-08  2.08433540e-08  7.57775736e-08  1.02876587e-14 
 3.00000000e+01  6.40000000e-01  6.40000000e-01  0.00000000e+00  0.00000000e+00  0.00000000e+00 -9.96101573e-08  2.18593566e-08  7.77507904e-08  1.03001866e-14 
 3.00000000e+01  6.50000000e-01  6.50000000e-01  0.00000000e+00  0.00000000e+00  0.00000000e+00 -1.02689736e-07  2.29157329e-08  7.97739925e-08  1.03131663e-14 
 3.00000000e+01  6.60000000e-01  6.60000000e-01  0.00000000e+00  0.00000000e+00  0.00000000e+00 -1.05862268e-07  2.40138408e-08  8.18484167e-08  1.03266126e-14 
 3.00000000e+01  6.70000000e-01  6.70000000e-01  0.00000000e+00  0.00000000e+00  0.00000000e+00 -1.09130419e-07  2.51550796e-08  8.39753290e-08  1.03405406e-14 
 3.00000000e+01  6.80000000e-01  6.80000000e-01  0.00000000e+00  0.00000000e+00  0.00000000e+00 -1.12496926e-07  2.63408905e-08  8.61560251e-08  1.03549657e-14 
 3.00000000e+01  6.90000000e-01  6.90000000e-01  0.00000000e+00  0.00000000e+00  0.00000000e+00 -1.15964600e-07  2.75727581e-08  8.83918311e-08  1.03699040e-14 
 3.00000000e+01  7.00000000e-01  7.00000000e-01  0.00000000e+00  0.00000000e+00  0.00000000e+00 -1.19536326e-07  2.88522113e-08  9.06841042e-08  1.03853719e-14 
 3.00000000e+01  7.10000000e-01  7.10000000e-01  0.00000000e+00  0.00000000e+00  0.00000000e+00 -1.23215069e-07  3.01808250e-08  9.30342334e-08  1.04013865e-14 
 3.00000000e+01  7.20000000e-01  7.20000000e-01  0.00000000e+00  0.00000000e+00  0.00000000e+00 -1.27003872e-07  3.15602212e-08  9.54436404e-08  1.04179651e-14 
 3.00000000e+01  7.30000000e-01  7.30000000e-01  0.00000000e+00  0.00000000e+00  0.00000000e+00 -1.30905860e-07  3.29920700e-08  9.79137799e-08  1.04351258e-14 
 3.00000000e+01  7.40000000e-01  7.40000000e-01  0.00000000e+00  0.00000000e+00  0.00000000e+00 -1.34924243e-07  3.44780915e-08  1.00446141e-07  1.04528870e-14 
 3.00000000e+01  7.50000000e-01  7.50000000e-01  0.00000000e+00  0.00000000e+00  0.00000000e+00 -1.39062314e-07  3.60200565e-08  1.03042247e-07  1.04712678e-14 
 3.00000000e+01  7.60000000e-01  7.60000000e-01  0.00000000e+00  0.00000000e+00  0.00000000e+00 -1.43323456e-07  3.76197888e-08  1.05703657e-07  1.04902879e-14 
 3.00000000e+01  7.70000000e-01  7.70000000e-01  0.00000000e+00  0.00000000e+00  0.00000000e+00 -1.47711142e-07  3.92791656e-08  1.08431966e-07  1.05099674e-14 
 3.00000000e+01  7.80000000e-01  7.80000000e-01  0.00000000e+00  0.00000000e+00  0.00000000e+00 -1.52228938e-07  4.10001200e-08  1.11228807e-07  1.05303271e-14 
 3.00000000e+01  7.90000000e-01  7.90000000e-01  0.00000000e+00  0.00000000e+00  0.00000000e+00 -1.56880504e-07  4.27846419e-08  1.14095852e-07  1.05513884e-14 
 3.00000000e+01  8.00000000e-01  8.00000000e-01  0.00000000e+00  0.00000000e+00  0.00000000e+00 -1.61669598e-07  4.46347796e-08  1.17034808e-07  1.05731732e-14 
 3.00000000e+01  8.10000000e-01  8.10000000e-01  0.00000000e+00  0.00000000e+00  0.00000000e+00 -1.66600077e-07  4.65526419e-08  1.20047425e-07  1.05957043e-14 
 3.00000000e+01  8.20000000e-01  8.20000000e-01  0.00000000e+00  0.00000000e+00  0.00000000e+00 -1.71675901e-07  4.85403993e-08  1.23135492e-07  1.06190050e-14 
 3.00000000e+01  8.30000000e-01  8.30000000e-01  0.00000000e+00  0.00000000e+00  0.00000000e+00 -1.76901136e-07  5.06002856e-08  1.26300840e-07  1.06430991e-14 
 3.00000000e+01  8.40000000e-01  8.40000000e-01  0.00000000e+00  0.00000000e+00  0.00000000e+00 -1.82279953e-07  5.27346001e-08  1.29545342e-07  1.06680115e-14 
 3.00000000e+01  8.50000000e-01  8.50000000e-01  0.00000000e+00  0.00000000e+00  0.00000000e+00 -1.87816635e-07  5.49457092e-08  1.32870915e-07  1.06937674e-14 
 3.00000000e+01  8.60000000e-01  8.60000000e-01  0.00000000e+00  0.00000000e+00  0.00000000e+00 -1.93515578e-07  5.72360480e-08  1.36279519e-07  1.07203929e-14 
 3.00000000e+01  8.70000000e-01  8.70000000e-01  0.00000000e+00  0.00000000e+00  0.00000000e+00 -1.99381294e-07  5.96081227e-08  1.39773160e-07  1.07479150e-14 
 3.00000000e+01  8.80000000e-01  8.80000000e-01  0.00000000e+00  0.00000000e+00  0.00000000e+00 -2.05418412e-07  6.20645118e-08  1.43353890e-07  1.07763612e-14 
 3.00000000e+01  8.90000000e-01  8.90000000e-01  0.00000000e+00  0.00000000e+00  0.00000000e+00 -2.11631686e-07  6.46078689e-08  1.47023806e-07  1.08057599e-14 
 3.00000000e+01  9.00000000e-01  9.00000000e-01  0.00000000e+00  0.00000000e+00  0.00000000e+00 -2.18025993e-07  6.72409242e-08  1.50785058e-07  1.08361404e-14 
 3.00000000e+01  9.10000000e-01  9.10000000e-01  0.00000000e+00  0.00000000e+00  0.00000000e+00 -2.24606338e-07  6.99664866e-08  1.54639840e-07  1.08675327e-14 
 3.00000000e+01  9.20000000e-01  9.20000000e-01  0.00000000e+00  0.00000000e+00  0.00000000e+00 -2.31377857e-07  7.27874462e-08  1.58590400e-07  1.08999678e-14 
 3.00000000e+01  9.30000000e-01  9.30000000e-01  0.00000000e+00  0.00000000e+00  0.00000000e+00 -2.38345823e-07  7.57067762e-08  1.62639036e-07  1.11251222e-14 
 3.00000000e+01  9.40000000e-01  9.40000000e-01  0.00000000e+00  0.00000000e+00  0.00000000e+00 -2.45515644e-07  7.87275353e-08  1.66788097e-07  1.17012949e-14 
 3.00000000e+01  9.50000000e-01  9.50000000e-01  0.00000000e+00  0.00000000e+00  0.00000000e+00 -2.52892870e-07  8.18528699e-08  1.71039988e-07  1.25511493e-14 
 3.00000000e+01  9.60000000e-01  9.60000000e-01  0.00000000e+00  0.00000000e+00  0.00000000e+00 -2.60483198e-07  8.50860165e-08  1.75397167e-07  1.37979298e-14 
 3.00000000e+01  9.70000000e-01  9.70000000e-01  0.00000000e+00  0.00000000e+00  0.00000000e+00 -2.68292470e-07  8.84303043e-08  1.79862151e-07  1.56373303e-14 
 3.00000000e+01  9.80000000e-01  9.80000000e-01  0.00000000e+00  0.00000000e+00  0.00000000e+00 -2.76326685e-07  9.18891575e-08  1.84437509e-07  1.84716347e-14 
 3.00000000e+01  9.90000000e-01  9.90000000e-01  0.00000000e+00  0.00000000e+00  0.00000000e+00 -2.84591996e-07  9.54660981e-08  1.89125874e-07  2.34499805e-14 
 3.00000000e+01  1.00000000e+00  1.00000000e+00  0.00000000e+00  0.00000000e+00  0.00000000e+00 -2.93094718e-07  9.91647483e-08  1.93929936e-07  3.44035256e-14 
 3.00000000e+01  1.01000000e+00  1.01000000e+00  0.00000000e+00  0.00000000e+00  0.00000000e+00 -3.01841341e-07  1.02988833e-07  1.98852444e-07  6.38747929e-14 
 3.00000000e+01  1.02000000e+00  1.02000000e+00  0.00000000e+00  0.00000000e+00  0.00000000e+00 -3.10838547e-07  1.06942184e-07  2.03896214e-07  1.49612899e-13 
 3.00000000e+01  1.03000000e+00  1.03000000e+00  0.00000000e+00  0.00000000e+00  0.00000000e+00 -3.20093256e-07  1.11028740e-07  2.09064122e-07  3.94794154e-13 
 3.00000000e+01  1.04000000e+00  1.04000000e+00  0.00000000e+00  0.00000000e+00  0.00000000e+00 -3.29612719e-07  1.15252552e-07  2.14359111e-07  1.05669309e-12 
 3.00000000e+01  1.05000000e+00  1.05000000e+00  0.00000000e+00  0.00000000e+00  0.00000000e+00 -3.39404700e-07  1.19617786e-07  2.19784189e-07  2.72568353e-12 
 3.00000000e+01  1.06000000e+00  1.06000000e+00  0.00000000e+00  0.00000000e+00  0.00000000e+00 -3.49477818e-07  1.24128726e-07  2.25342433e-07  6.65973943e-12 
 3.00000000e+01  1.07000000e+00  1.07000000e+00  0.00000000e+00  0.00000000e+00  0.00000000e+00 -3.59842132e-07  1.28789774e-07  2.31036990e-07  1.53684799e-11 
 3.00000000e+01  1.08000000e+00  1.08000000e+00  0.00000000e+00  0.00000000e+00  0.00000000e+00 -3.70510110e-07  1.33605460e-07  2.36871076e-07  3.35735783e-11 
 3.00000000e+01  1.09000000e+00  1.09000000e+00  0.00000000e+00  0.00000000e+00  0.00000000e+00 -3.81498127e-07  1.38580439e-07  2.42847981e-07  6.97063288e-11 
 3.00000000e+01  1.10000000e+00  1.10000000e+00  0.00000000e+00  0.00000000e+00  0.00000000e+00 -3.92828701e-07  1.43719496e-07  2.48971069e-07  1.38134944e-10 
 3.00000000e+01  1.11000000e+00  1.11000000e+00  0.00000000e+00  0.00000000e+00  0.00000000e+00 -4.04533672e-07  1.49027552e-07  2.55243780e-07  2.62340155e-10 
 3.00000000e+01  1.12000000e+00  1.12000000e+00  0.00000000e+00  0.00000000e+00  0.00000000e+00 -4.16658569e-07  1.54509665e-07  2.61669630e-07  4.79274597e-10 
 3.00000000e+01  1.13000000e+00  1.13000000e+00  0.00000000e+00  0.00000000e+00  0.00000000e+00 -4.29268394e-07  1.60171033e-07  2.68252215e-07  8.45146743e-10 
 3.00000000e+01  1.14000000e+00  1.14000000e+00  0.00000000e+00  0.00000000e+00  0.00000000e+00 -4.42455075e-07  1.66017002e-07  2.74995211e-07  1.44286225e-09 
 3.00000000e+01  1.15000000e+00  1.15000000e+00  0.00000000e+00  0.00000000e+00  0.00000000e+00 -4.56346778e-07  1.72053065e-07  2.81902379e-07  2.39133415e-09 
 3.00000000e+01  1.16000000e+00  1.16000000e+00  0.00000000e+00  0.00000000e+00  0.00000000e+00 -4.71119271e-07  1.78284869e-07  2.88977563e-07  3.85683931e-09 
 3.00000000e+01  1.17000000e+00  1.17000000e+00  0.00000000e+00  0.00000000e+00  0.00000000e+00 -4.87009462e-07  1.84718217e-07  2.96224692e-07  6.06655312e-09 
 3.00000000e+01  1.18000000e+00  1.18000000e+00  0.00000000e+00  0.00000000e+00  0.00000000e+00 -5.04331202e-07  1.91359075e-07  3.03647785e-07  9.32434123e-09 
 3.00000000e+01  1.19000000e+00  1.19000000e+00  0.00000000e+00  0.00000000e+00  0.00000000e+00 -5.23493353e-07  1.98213573e-07  3.11250953e-07  1.40288274e-08 
 3.00000000e+01  1.20000000e+00  1.20000000e+00  0.00000000e+00  0.00000000e+00  0.00000000e+00 -5.45020103e-07  2.05288011e-07  3.19038397e-07  2.06936953e-08 
