 3.00000000e+01  1.00000000e-02  0.00000000e+00  1.00000000e-02  0.00000000e+00  0.00000000e+00  3.70628481e-11 -7.41263360e-11  3.70628481e-11  6.39669635e-16 
 3.00000000e+01  2.00000000e-02  0.00000000e+00  2.00000000e-02  0.00000000e+00  0.00000000e+00  6.79148882e-11 -1.35831079e-10  6.79148882e-11  1.30279714e-15 
 3.00000000e+01  3.00000000e-02  0.00000000e+00  3.00000000e-02  0.00000000e+00  0.00000000e+00  9.28733406e-11 -1.85748671e-10  9.28733406e-11  1.98931498e-15 
 3.00000000e+01  4.00000000e-02  0.00000000e+00  4.00000000e-02  0.00000000e+00  0.00000000e+00  1.12244583e-10 -2.24491866e-10  1.12244583e-10  2.69973039e-15 
 3.00000000e+01  5.00000000e-02  0.00000000e+00  5.00000000e-02  0.00000000e+00  0.00000000e+00  1.26324816e-10 -2.52653067e-10  1.26324816e-10  3.43459162e-15 
 3.00000000e+01  6.00000000e-02  0.00000000e+00  6.00000000e-02  0.00000000e+00  0.00000000e+00  1.35400902e-10 -2.70805999e-10  1.35400902e-10  4.19450205e-15 
 3.00000000e+01  7.00000000e-02  0.00000000e+00  7.00000000e-02  0.00000000e+00  0.00000000e+00  1.39751506e-10 -2.79507992e-10  1.39751506e-10  4.98013927e-15 
 3.00000000e+01  8.00000000e-02  0.00000000e+00  8.00000000e-02  0.00000000e+00  0.00000000e+00  1.39648808e-10 -2.79303409e-10  1.39648808e-10  5.79228062e-15 
 3.00000000e+01  9.00000000e-02  0.00000000e+00  9.00000000e-02  0.00000000e+00  0.00000000e+00  1.35361332e-10 -2.70729297e-10  1.35361332e-10  6.63183733e-15 
 3.00000000e+01  1.00000000e-01  0.00000000e+00  1.00000000e-01  0.00000000e+00  0.00000000e+00  1.27159134e-10 -2.54325769e-10  1.27159134e-10  7.49989950e-15 
 3.00000000e+01  1.10000000e-01  0.00000000e+00  1.10000000e-01  0.00000000e+00  0.00000000e+00  1.15324403e-10 -2.30657203e-10  1.15324403e-10  8.39779508e-15 
 3.00000000e+01  1.20000000e-01  0.00000000e+00  1.20000000e-01  0.00000000e+00  0.00000000e+00  1.00176139e-10 -2.00361606e-10  1.00176139e-10  9.32716629e-15 
 3.00000000e+01  1.30000000e-01  0.00000000e+00  1.30000000e-01  0.00000000e+00  0.00000000e+00  8.21374787e-11 -1.64285247e-10  8.21374787e-11  1.02900679e-14 
 3.00000000e+01  1.40000000e-01  0.00000000e+00  1.40000000e-01  0.00000000e+00  0.00000000e+00  6.19634712e-11 -1.23938229e-10  6.19634712e-11  1.12890918e-14 
 3.00000000e+01  1.50000000e-01  0.00000000e+00  1.50000000e-01  0.00000000e+00  0.00000000e+00  4.17698864e-11 -8.35521027e-11  4.17698864e-11  1.23275241e-14 
 3.00000000e+01  1.60000000e-01  0.00000000e+00  1.60000000e-01  0.00000000e+00  0.00000000e+00  3.03749280e-11 -6.07632659e-11  3.03749280e-11  1.34095401e-14 
 3.00000000e+01  1.70000000e-01  0.00000000e+00  1.70000000e-01  0.00000000e+00  0.00000000e+00  4.42195801e-11 -8.84536992e-11  4.42195801e-11  1.45404437e-14 
 3.00000000e+01  1.80000000e-01  0.00000000e+00  1.80000000e-01  0.00000000e+00  0.00000000e+00  7.56270691e-11 -1.51269865e-10  7.56270691e-11  1.57269590e-14 
 3.00000000e+01  1.90000000e-01  0.00000000e+00  1.90000000e-01  0.00000000e+00  0.00000000e+00  1.15792370e-10 -2.31601717e-10  1.15792370e-10  1.69775808e-14 
 3.00000000e+01  2.00000000e-01  0.00000000e+00  2.00000000e-01  0.00000000e+00  0.00000000e+00  1.62857452e-10 -3.25733204e-10  1.62857452e-10  1.83029921e-14 
 3.00000000e+01  2.10000000e-01  0.00000000e+00  2.10000000e-01  0.00000000e+00  0.00000000e+00  2.16624464e-10 -4.33268647e-10  2.16624464e-10  1.97165585e-14 
 3.00000000e+01  2.20000000e-01  0.00000000e+00  2.20000000e-01  0.00000000e+00  0.00000000e+00  2.77365658e-10 -5.54752549e-10  2.77365658e-10  2.12349095e-14 
 3.00000000e+01  2.30000000e-01  0.00000000e+00  2.30000000e-01  0.00000000e+00  0.00000000e+00  3.45596300e-10 -6.91215481e-10  3.45596300e-10  2.28786210e-14 
 3.00000000e+01  2.40000000e-01  0.00000000e+00  2.40000000e-01  0.00000000e+00  0.00000000e+00  4.22052712e-10 -8.44130099e-10  4.22052712e-10  2.46730156e-14 
 3.00000000e+01  2.50000000e-01  0.00000000e+00  2.50000000e-01  0.00000000e+00  0.00000000e+00  5.07742862e-10 -1.01551238e-09  5.07742862e-10  2.66491063e-14 
 3.00000000e+01  2.60000000e-01  0.00000000e+00  2.60000000e-01  0.00000000e+00  0.00000000e+00  6.04044401e-10 -1.20811765e-09  6.04044401e-10  2.88447106e-14 
 3.00000000e+01  2.70000000e-01  0.00000000e+00  2.70000000e-01  0.00000000e+00  0.00000000e+00  7.12847769e-10 -1.42572685e-09  7.12847769e-10  3.13057798e-14 
 3.00000000e+01  2.80000000e-01  0.00000000e+00  2.80000000e-01  0.00000000e+00  0.00000000e+00  8.36743325e-10 -1.67352074e-09  8.36743325e-10  3.40879895e-14 
 3.00000000e+01  2.90000000e-01  0.00000000e+00  2.90000000e-01  0.00000000e+00  0.00000000e+00  9.79239564e-10 -1.95851639e-09  9.79239564e-10  3.72586578e-14 
 3.00000000e+01  3.00000000e-01  0.00000000e+00  3.00000000e-01  0.00000000e+00  0.00000000e+00  1.14497232e-09 -2.28998553e-09  1.14497232e-09  4.08990657e-14 
 3.00000000e+01  3.10000000e-01  0.00000000e+00  3.10000000e-01  0.00000000e+00  0.00000000e+00  1.33982245e-09 -2.67969001e-09  1.33982245e-09  4.51072699e-14 
 3.00000000e+01  3.20000000e-01  0.00000000e+00  3.20000000e-01  0.00000000e+00  0.00000000e+00  1.57081772e-09 -3.14168544e-09  1.57081772e-09  5.00015165e-14 
 3.00000000e+01  3.30000000e-01  0.00000000e+00  3.30000000e-01  0.00000000e+00  0.00000000e+00  1.84569588e-09 -3.69144749e-09  1.84569588e-09  5.57243757e-14 
 3.00000000e+01  3.40000000e-01  0.00000000e+00  3.40000000e-01  0.00000000e+00  0.00000000e+00  2.17210756e-09 -4.34427757e-09  2.17210756e-09  6.24477452e-14 
 3.00000000e+01  3.50000000e-01  0.00000000e+00  3.50000000e-01  0.00000000e+00  0.00000000e+00  2.55664093e-09 -5.11335223e-09  2.55664093e-09  7.03788851e-14 
 3.00000000e+01  3.60000000e-01  0.00000000e+00  3.60000000e-01  0.00000000e+00  0.00000000e+00  3.00403223e-09 -6.00814422e-09  3.00403223e-09  7.97676809e-14 
 3.00000000e+01  3.70000000e-01  0.00000000e+00  3.70000000e-01  0.00000000e+00  0.00000000e+00  3.51689885e-09 -7.03388861e-09  3.51689885e-09  9.09153625e-14 
 3.00000000e+01  3.80000000e-01  0.00000000e+00  3.80000000e-01  0.00000000e+00  0.00000000e+00  4.09606446e-09 -8.19223310e-09  4.09606446e-09  1.04184946e-13 
 3.00000000e+01  3.90000000e-01  0.00000000e+00  3.90000000e-01  0.00000000e+00  0.00000000e+00  4.74124977e-09 -9.48261956e-09  4.74124977e-09  1.20013719e-13 
 3.00000000e+01  4.00000000e-01  0.00000000e+00  4.00000000e-01  0.00000000e+00  0.00000000e+00  5.45180237e-09 -1.09037437e-08  5.45180237e-09  1.38928147e-13 
 3.00000000e+01  4.10000000e-01  0.00000000e+00  4.10000000e-01  0.00000000e+00  0.00000000e+00  6.22724331e-09 -1.24546482e-08  6.22724331e-09  1.61561654e-13 
 3.00000000e+01  4.20000000e-01  0.00000000e+00  4.20000000e-01  0.00000000e+00  0.00000000e+00  7.06757053e-09 -1.41353297e-08  7.06757053e-09  1.88675817e-13 
 3.00000000e+01  4.30000000e-01  0.00000000e+00  4.30000000e-01  0.00000000e+00  0.00000000e+00  7.97336498e-09 -1.59469512e-08  7.97336498e-09  2.21185615e-13 
 3.00000000e+01  4.40000000e-01  0.00000000e+00  4.40000000e-01  0.00000000e+00  0.00000000e+00  8.94577594e-09 -1.78918121e-08  8.94577594e-09  2.60189513e-13 
 3.00000000e+01  4.50000000e-01  0.00000000e+00  4.50000000e-01  0.00000000e+00  0.00000000e+00  9.98645027e-09 -1.99732075e-08  9.98645027e-09  3.07005296e-13 
 3.00000000e+01  4.60000000e-01  0.00000000e+00  4.60000000e-01  0.00000000e+00  0.00000000e+00  1.10974465e-08 -2.21952563e-08  1.10974465e-08  3.63212751e-13 
 3.00000000e+01  4.70000000e-01  0.00000000e+00  4.70000000e-01  0.00000000e+00  0.00000000e+00  1.22811549e-08 -2.45627405e-08  1.22811549e-08  4.30704509e-13 
 3.00000000e+01  4.80000000e-01  0.00000000e+00  4.80000000e-01  0.00000000e+00  0.00000000e+00  1.35402309e-08 -2.70809735e-08  1.35402309e-08  5.11746612e-13 
 3.00000000e+01  4.90000000e-01  0.00000000e+00  4.90000000e-01  0.00000000e+00  0.00000000e+00  1.48775449e-08 -2.97556988e-08  1.48775449e-08  6.09050661e-13 
 3.00000000e+01  5.00000000e-01  0.00000000e+00  5.00000000e-01  0.00000000e+00  0.00000000e+00  1.62961454e-08 -3.25930166e-08  1.62961454e-08  7.25859754e-13 
 3.00000000e+01  5.10000000e-01  0.00000000e+00  5.10000000e-01  0.00000000e+00  0.00000000e+00  1.77992336e-08 -3.55993332e-08  1.77992336e-08  8.66050856e-13 
 3.00000000e+01  5.20000000e-01  0.00000000e+00  5.20000000e-01  0.00000000e+00  0.00000000e+00  1.93901469e-08 -3.87813281e-08  1.93901469e-08  1.03425672e-12 
 3.00000000e+01  5.30000000e-01  0.00000000e+00  5.30000000e-01  0.00000000e+00  0.00000000e+00  2.10723491e-08 -4.21459341e-08  2.10723491e-08  1.23601107e-12 
 3.00000000e+01  5.40000000e-01  0.00000000e+00  5.40000000e-01  0.00000000e+00  0.00000000e+00  2.28494249e-08 -4.57003277e-08  2.28494249e-08  1.47792153e-12 
 3.00000000e+01  5.50000000e-01  0.00000000e+00  5.50000000e-01  0.00000000e+00  0.00000000e+00  2.47250786e-08 -4.94519250e-08  2.47250786e-08  1.76787547e-12 
 3.00000000e+01  5.60000000e-01  0.00000000e+00  5.60000000e-01  0.00000000e+00  0.00000000e+00  2.67031342e-08 -5.34083838e-08  2.67031342e-08  2.11528500e-12 
 3.00000000e+01  5.70000000e-01  0.00000000e+00  5.70000000e-01  0.00000000e+00  0.00000000e+00  2.87875384e-08 -5.75776082e-08  2.87875384e-08  2.53137875e-12 
 3.00000000e+01  5.80000000e-01  0.00000000e+00  5.80000000e-01  0.00000000e+00  0.00000000e+00  3.09823631e-08 -6.19677557e-08  3.09823631e-08  3.02954889e-12 
 3.00000000e+01  5.90000000e-01  0.00000000e+00  5.90000000e-01  0.00000000e+00  0.00000000e+00  3.32918100e-08 -6.65872458e-08  3.32918100e-08  3.62576420e-12 
 3.00000000e+01  6.00000000e-01  0.00000000e+00  6.00000000e-01  0.00000000e+00  0.00000000e+00  3.57202152e-08 -7.14447695e-08  3.57202152e-08  4.33906147e-12 
 3.00000000e+01  6.10000000e-01  0.00000000e+00  6.10000000e-01  0.00000000e+00  0.00000000e+00  3.82720536e-08 -7.65492994e-08  3.82720536e-08  5.19212994e-12 
 3.00000000e+01  6.20000000e-01  0.00000000e+00  6.20000000e-01  0.00000000e+00  0.00000000e+00  4.09519443e-08 -8.19101007e-08  4.09519443e-08  6.21200651e-12 
 3.00000000e+01  6.30000000e-01  0.00000000e+00  6.30000000e-01  0.00000000e+00  0.00000000e+00  4.37646555e-08 -8.75367419e-08  4.37646555e-08  7.43090234e-12 
 3.00000000e+01  6.40000000e-01  0.00000000e+00  6.40000000e-01  0.00000000e+00  0.00000000e+00  4.67151095e-08 -9.34391062e-08  4.67151095e-08  8.88718574e-12 
 3.00000000e+01  6.50000000e-01  0.00000000e+00  6.50000000e-01  0.00000000e+00  0.00000000e+00  4.98083882e-08 -9.96274029e-08  4.98083882e-08  1.06265505e-11 
 3.00000000e+01  6.60000000e-01  0.00000000e+00  6.60000000e-01  0.00000000e+00  0.00000000e+00  5.30497379e-08 -1.06112179e-07  5.30497379e-08  1.27034045e-11 
 3.00000000e+01  6.70000000e-01  0.00000000e+00  6.70000000e-01  0.00000000e+00  0.00000000e+00  5.64445751e-08 -1.12904333e-07  5.64445751e-08  1.51825201e-11 
 3.00000000e+01  6.80000000e-01  0.00000000e+00  6.80000000e-01  0.00000000e+00  0.00000000e+00  5.99984909e-08 -1.20015123e-07  5.99984909e-08  1.81409948e-11 
 3.00000000e+01  6.90000000e-01  0.00000000e+00  6.90000000e-01  0.00000000e+00  0.00000000e+00  6.37172572e-08 -1.27456185e-07  6.37172572e-08  2.16705808e-11 
 3.00000000e+01  7.00000000e-01  0.00000000e+00  7.00000000e-01  0.00000000e+00  0.00000000e+00  6.76068314e-08 -1.35239543e-07  6.76068314e-08  2.58804512e-11 
 3.00000000e+01  7.10000000e-01  0.00000000e+00  7.10000000e-01  0.00000000e+00  0.00000000e+00  7.16733621e-08 -1.43377625e-07  7.16733621e-08  3.09004862e-11 
 3.00000000e+01  7.20000000e-01  0.00000000e+00  7.20000000e-01  0.00000000e+00  0.00000000e+00  7.59231949e-08 -1.51883275e-07  7.59231949e-08  3.68851733e-11 
 3.00000000e+01  7.30000000e-01  0.00000000e+00  7.30000000e-01  0.00000000e+00  0.00000000e+00  8.03628775e-08 -1.60769773e-07  8.03628775e-08  4.40182379e-11 
 3.00000000e+01  7.40000000e-01  0.00000000e+00  7.40000000e-01  0.00000000e+00  0.00000000e+00  8.49991657e-08 -1.70050849e-07  8.49991657e-08  5.25181387e-11 
 3.00000000e+01  7.50000000e-01  0.00000000e+00  7.50000000e-01  0.00000000e+00  0.00000000e+00  8.98390292e-08 -1.79740703e-07  8.98390292e-08  6.26445876e-11 
 3.00000000e+01  7.60000000e-01  0.00000000e+00  7.60000000e-01  0.00000000e+00  0.00000000e+00  9.48896578e-08 -1.89854022e-07  9.48896578e-08  7.47062834e-11 
 3.00000000e+01  7.70000000e-01  0.00000000e+00  7.70000000e-01  0.00000000e+00  0.00000000e+00  1.00158467e-07 -2.00406005e-07  1.00158467e-07  8.90700837e-11 
 3.00000000e+01  7.80000000e-01  0.00000000e+00  7.80000000e-01  0.00000000e+00  0.00000000e+00  1.05653106e-07 -2.11412383e-07  1.05653106e-07  1.06171877e-10 
 3.00000000e+01  7.90000000e-01  0.00000000e+00  7.90000000e-01  0.00000000e+00  0.00000000e+00  1.11381460e-07 -2.22889450e-07  1.11381460e-07  1.26529466e-10 
 3.00000000e+01  8.00000000e-01  0.00000000e+00  8.00000000e-01  0.00000000e+00  0.00000000e+00  1.17351664e-07 -2.34854085e-07  1.17351664e-07  1.50757837e-10 
 3.00000000e+01  8.10000000e-01  0.00000000e+00  8.10000000e-01  0.00000000e+00  0.00000000e+00  1.23572100e-07 -2.47323787e-07  1.23572100e-07  1.79587231e-10 
 3.00000000e+01  8.20000000e-01  0.00000000e+00  8.20000000e-01  0.00000000e+00  0.00000000e+00  1.30051414e-07 -2.60316713e-07  1.30051414e-07  2.13884543e-10 
 3.00000000e+01  8.30000000e-01  0.00000000e+00  8.30000000e-01  0.00000000e+00  0.00000000e+00  1.36798516e-07 -2.73851710e-07  1.36798516e-07  2.54678636e-10 
 3.00000000e+01  8.40000000e-01  0.00000000e+00  8.40000000e-01  0.00000000e+00  0.00000000e+00  1.43822590e-07 -2.87948370e-07  1.43822590e-07  3.03190274e-10 
 3.00000000e+01  8.50000000e-01  0.00000000e+00  8.50000000e-01  0.00000000e+00  0.00000000e+00  1.51133102e-07 -3.02627071e-07  1.51133102e-07  3.60867498e-10 
 3.00000000e+01  8.60000000e-01  0.00000000e+00  8.60000000e-01  0.00000000e+00  0.00000000e+00  1.58739807e-07 -3.17909042e-07  1.58739807e-07  4.29427401e-10 
 3.00000000e+01  8.70000000e-01  0.00000000e+00  8.70000000e-01  0.00000000e+00  0.00000000e+00  1.66652758e-07 -3.33816421e-07  1.66652758e-07  5.10905424e-10 
 3.00000000e+01  8.80000000e-01  0.00000000e+00  8.80000000e-01  0.00000000e+00  0.00000000e+00  1.74882312e-07 -3.50372337e-07  1.74882312e-07  6.07713486e-10 
 3.00000000e+01  8.90000000e-01  0.00000000e+00  8.90000000e-01  0.00000000e+00  0.00000000e+00  1.83439141e-07 -3.67600990e-07  1.83439141e-07  7.22708449e-10 
 3.00000000e+01  9.00000000e-01  0.00000000e+00  9.00000000e-01  0.00000000e+00  0.00000000e+00  1.92334239e-07 -3.85527751e-07  1.92334239e-07  8.59272693e-10 
 3.00000000e+01  9.10000000e-01  0.00000000e+00  9.10000000e-01  0.00000000e+00  0.00000000e+00  2.01578933e-07 -4.04179275e-07  2.01578933e-07  1.02140880e-09 
 3.00000000e+01  9.20000000e-01  0.00000000e+00  9.20000000e-01  0.00000000e+00  0.00000000e+00  2.11184889e-07 -4.23583629e-07  2.11184889e-07  1.21385069e-09 
 3.00000000e+01  9.30000000e-01  0.00000000e+00  9.30000000e-01  0.00000000e+00  0.00000000e+00  2.21164125e-07 -4.43770443e-07  2.21164125e-07  1.44219385e-09 
 3.00000000e+01  9.40000000e-01  0.00000000e+00  9.40000000e-01  0.00000000e+00  0.00000000e+00  2.31529017e-07 -4.64771081e-07  2.31529017e-07  1.71304772e-09 
 3.00000000e+01  9.50000000e-01  0.00000000e+00  9.50000000e-01  0.00000000e+00  0.00000000e+00  2.42292312e-07 -4.86618838e-07  2.42292312e-07  2.03421353e-09 
 3.00000000e+01  9.60000000e-01  0.00000000e+00  9.60000000e-01  0.00000000e+00  0.00000000e+00  2.53467138e-07 -5.09349167e-07  2.53467138e-07  2.41489155e-09 
 3.00000000e+01  9.70000000e-01  0.00000000e+00  9.70000000e-01  0.00000000e+00  0.00000000e+00  2.65067012e-07 -5.32999945e-07  2.65067012e-07  2.86592188e-09 
 3.00000000e+01  9.80000000e-01  0.00000000e+00  9.80000000e-01  0.00000000e+00  0.00000000e+00  2.77105852e-07 -5.57611768e-07  2.77105852e-07  3.40006341e-09 
 3.00000000e+01  9.90000000e-01  0.00000000e+00  9.90000000e-01  0.00000000e+00  0.00000000e+00  2.89597992e-07 -5.83228300e-07  2.89597992e-07  4.03231608e-09 
 3.00000000e+01  1.00000000e+00  0.00000000e+00  1.00000000e+00  0.00000000e+00  0.00000000e+00  3.02558185e-07 -6.09896661e-07  3.02558185e-07  4.78029154e-09 
 3.00000000e+01  1.01000000e+00  0.00000000e+00  1.01000000e+00  0.00000000e+00  0.00000000e+00  3.16001623e-07 -6.37667883e-07  3.16001623e-07  5.66463801e-09 
 3.00000000e+01  1.02000000e+00  0.00000000e+00  1.02000000e+00  0.00000000e+00  0.00000000e+00  3.29943943e-07 -6.66597411e-07  3.29943943e-07  6.70952457e-09 
 3.00000000e+01  1.03000000e+00  0.00000000e+00  1.03000000e+00  0.00000000e+00  0.00000000e+00  3.44401245e-07 -6.96745680e-07  3.44401245e-07  7.94319046e-09 
 3.00000000e+01  1.04000000e+00  0.00000000e+00  1.04000000e+00  0.00000000e+00  0.00000000e+00  3.59390098e-07 -7.28178760e-07  3.59390098e-07  9.39856410e-09 
 3.00000000e+01  1.05000000e+00  0.00000000e+00  1.05000000e+00  0.00000000e+00  0.00000000e+00  3.74927558e-07 -7.60969072e-07  3.74927558e-07  1.11139557e-08 
 3.00000000e+01  1.06000000e+00  0.00000000e+00  1.06000000e+00  0.00000000e+00  0.00000000e+00  3.91031180e-07 -7.95196185e-07  3.91031180e-07  1.31338256e-08 
 3.00000000e+01  1.07000000e+00  0.00000000e+00  1.07000000e+00  0.00000000e+00  0.00000000e+00  4.07719030e-07 -8.30947689e-07  4.07719030e-07  1.55096296e-08 
 3.00000000e+01  1.08000000e+00  0.00000000e+00  1.08000000e+00  0.00000000e+00  0.00000000e+00  4.25009700e-07 -8.68320138e-07  4.25009700e-07  1.83007370e-08 
 3.00000000e+01  1.09000000e+00  0.00000000e+00  1.09000000e+00  0.00000000e+00  0.00000000e+00  4.42922325e-07 -9.07420067e-07  4.42922325e-07  2.15754167e-08 
 3.00000000e+01  1.10000000e+00  0.00000000e+00  1.10000000e+00  0.00000000e+00  0.00000000e+00  4.61476593e-07 -9.48365065e-07  4.61476593e-07  2.54118802e-08 
 3.00000000e+01  1.11000000e+00  0.00000000e+00  1.11000000e+00  0.00000000e+00  0.00000000e+00  4.80692761e-07 -9.91284888e-07  4.80692761e-07  2.98993653e-08 
 3.00000000e+01  1.12000000e+00  0.00000000e+00  1.12000000e+00  0.00000000e+00  0.00000000e+00  5.00591677e-07 -1.03632259e-06  5.00591677e-07  3.51392381e-08 
 3.00000000e+01  1.13000000e+00  0.00000000e+00  1.13000000e+00  0.00000000e+00  0.00000000e+00  5.21194784e-07 -1.08363565e-06  5.21194784e-07  4.12460871e-08 
 3.00000000e+01  1.14000000e+00  0.00000000e+00  1.14000000e+00  0.00000000e+00  0.00000000e+00  5.42524148e-07 -1.13339707e-06  5.42524148e-07  4.83487729e-08 
 3.00000000e+01  1.15000000e+00  0.00000000e+00  1.15000000e+00  0.00000000e+00  0.00000000e+00  5.64602468e-07 -1.18579633e-06  5.64602468e-07  5.65913961e-08 
 3.00000000e+01  1.16000000e+00  0.00000000e+00  1.16000000e+00  0.00000000e+00  0.00000000e+00  5.87453093e-07 -1.24104033e-06  5.87453093e-07  6.61341388e-08 
 3.00000000e+01  1.17000000e+00  0.00000000e+00  1.17000000e+00  0.00000000e+00  0.00000000e+00  6.11100045e-07 -1.29935403e-06  6.11100045e-07  7.71539370e-08 
 3.00000000e+01  1.18000000e+00  0.00000000e+00  1.18000000e+00  0.00000000e+00  0.00000000e+00  6.35568029e-07 -1.36098100e-06  6.35568029e-07  8.98449409e-08 
 3.00000000e+01  1.19000000e+00  0.00000000e+00  1.19000000e+00  0.00000000e+00  0.00000000e+00  6.60882460e-07 -1.42618365e-06  6.60882460e-07  1.04418728e-07 
 3.00000000e+01  1.20000000e+00  0.00000000e+00  1.20000000e+00  0.00000000e+00  0.00000000e+00  6.87069474e-07 -1.49524319e-06  6.87069474e-07  1.21104247e-07 
