 3.00000000e+01  1.00000000e-02 -1.00000000e-02  0.00000000e+00  0.00000000e+00  0.00000000e+00  1.87593637e-08 -4.89210529e-11 -1.87104395e-08 -3.18021325e-15 
 3.00000000e+01  2.00000000e-02 -2.00000000e-02  0.00000000e+00  0.00000000e+00  0.00000000e+00  3.36931699e-08 -1.04952646e-10 -3.35882119e-08 -5.34995633e-15 
 3.00000000e+01  3.00000000e-02 -3.00000000e-02  0.00000000e+00  0.00000000e+00  0.00000000e+00  4.51182392e-08 -1.68358099e-10 -4.49498743e-08 -6.83045643e-15 
 3.00000000e+01  4.00000000e-02 -4.00000000e-02  0.00000000e+00  0.00000000e+00  0.00000000e+00  5.35774845e-08 -2.39407351e-10 -5.33380693e-08 -7.84118537e-15 
 3.00000000e+01  5.00000000e-02 -5.00000000e-02  0.00000000e+00  0.00000000e+00  0.00000000e+00  5.97831846e-08 -3.18377185e-10 -5.94647989e-08 -8.53178077e-15 
 3.00000000e+01  6.00000000e-02 -6.00000000e-02  0.00000000e+00  0.00000000e+00  0.00000000e+00  6.44547306e-08 -4.05551414e-10 -6.40491702e-08 -9.00423403e-15 
 3.00000000e+01  7.00000000e-02 -7.00000000e-02  0.00000000e+00  0.00000000e+00  0.00000000e+00  6.81680396e-08 -5.01221075e-10 -6.76668092e-08 -9.32805141e-15 
 3.00000000e+01  8.00000000e-02 -8.00000000e-02  0.00000000e+00  0.00000000e+00  0.00000000e+00  7.13121839e-08 -6.05684610e-10 -7.07064897e-08 -9.55060779e-15 
 3.00000000e+01  9.00000000e-02 -9.00000000e-02  0.00000000e+00  0.00000000e+00  0.00000000e+00  7.41260003e-08 -7.19248047e-10 -7.34067425e-08 -9.70420234e-15 
 3.00000000e+01  1.00000000e-01 -1.00000000e-01  0.00000000e+00  0.00000000e+00  0.00000000e+00  7.67511234e-08 -8.42225184e-10 -7.59088884e-08 -9.81086087e-15 
 3.00000000e+01  1.10000000e-01 -1.10000000e-01  0.00000000e+00  0.00000000e+00  0.00000000e+00  7.92719729e-08 -9.74937770e-10 -7.82970253e-08 -9.88560577e-15 
 3.00000000e+01  1.20000000e-01 -1.20000000e-01  0.00000000e+00  0.00000000e+00  0.00000000e+00  8.17402220e-08 -1.11771569e-09 -8.06224964e-08 -9.93868395e-15 
 3.00000000e+01  1.30000000e-01 -1.30000000e-01  0.00000000e+00  0.00000000e+00  0.00000000e+00  8.41886815e-08 -1.27089713e-09 -8.29177744e-08 -9.97708581e-15 
 3.00000000e+01  1.40000000e-01 -1.40000000e-01  0.00000000e+00  0.00000000e+00  0.00000000e+00  8.66390495e-08 -1.43482881e-09 -8.52042107e-08 -1.00055810e-14 
 3.00000000e+01  1.50000000e-01 -1.50000000e-01  0.00000000e+00  0.00000000e+00  0.00000000e+00  8.91062853e-08 -1.60986613e-09 -8.74964092e-08 -1.00274247e-14 
 3.00000000e+01  1.60000000e-01 -1.60000000e-01  0.00000000e+00  0.00000000e+00  0.00000000e+00  9.16011357e-08 -1.79637337e-09 -8.98047523e-08 -1.00448396e-14 
 3.00000000e+01  1.70000000e-01 -1.70000000e-01  0.00000000e+00  0.00000000e+00  0.00000000e+00  9.41316361e-08 -1.99472390e-09 -9.21369021e-08 -1.00593443e-14 
 3.00000000e+01  1.80000000e-01 -1.80000000e-01  0.00000000e+00  0.00000000e+00  0.00000000e+00  9.67040296e-08 -2.20530040e-09 -9.44987191e-08 -1.00719773e-14 
 3.00000000e+01  1.90000000e-01 -1.90000000e-01  0.00000000e+00  0.00000000e+00  0.00000000e+00  9.93233453e-08 -2.42849499e-09 -9.68948402e-08 -1.00834502e-14 
 3.00000000e+01  2.00000000e-01 -2.00000000e-01  0.00000000e+00  0.00000000e+00  0.00000000e+00  1.01993773e-07 -2.66470952e-09 -9.93290529e-08 -1.00942513e-14 
 3.00000000e+01  2.10000000e-01 -2.10000000e-01  0.00000000e+00  0.00000000e+00  0.00000000e+00  1.04718909e-07 -2.91435572e-09 -1.01804544e-07 -1.01047171e-14 
 3.00000000e+01  2.20000000e-01 -2.20000000e-01  0.00000000e+00  0.00000000e+00  0.00000000e+00  1.07501932e-07 -3.17785546e-09 -1.04324066e-07 -1.01150807e-14 
 3.00000000e+01  2.30000000e-01 -2.30000000e-01  0.00000000e+00  0.00000000e+00  0.00000000e+00  1.10345711e-07 -3.45564093e-09 -1.06890060e-07 -1.01255048e-14 
 3.00000000e+01  2.40000000e-01 -2.40000000e-01  0.00000000e+00  0.00000000e+00  0.00000000e+00  1.13252895e-07 -3.74815488e-09 -1.09504730e-07 -1.01361041e-14 
 3.00000000e+01  2.50000000e-01 -2.50000000e-01  0.00000000e+00  0.00000000e+00  0.00000000e+00  1.16225971e-07 -4.05585085e-09 -1.12170110e-07 -1.01469607e-14 
 3.00000000e+01  2.60000000e-01 -2.60000000e-01  0.00000000e+00  0.00000000e+00  0.00000000e+00  1.19267307e-07 -4.37919340e-09 -1.14888104e-07 -1.01581349e-14 
 3.00000000e+01  2.70000000e-01 -2.70000000e-01  0.00000000e+00  0.00000000e+00  0.00000000e+00  1.22379189e-07 -4.71865834e-09 -1.17660521e-07 -1.01696719e-14 
 3.00000000e+01  2.80000000e-01 -2.80000000e-01  0.00000000e+00  0.00000000e+00  0.00000000e+00  1.25563840e-07 -5.07473296e-09 -1.20489097e-07 -1.01816069e-14 
 3.00000000e+01  2.90000000e-01 -2.90000000e-01  0.00000000e+00  0.00000000e+00  0.00000000e+00  1.28823443e-07 -5.44791631e-09 -1.23375517e-07 -1.01939684e-14 
 3.00000000e+01  3.00000000e-01 -3.00000000e-01  0.00000000e+00  0.00000000e+00  0.00000000e+00  1.32160156e-07 -5.83871941e-09 -1.26321427e-07 -1.02067804e-14 
 3.00000000e+01  3.10000000e-01 -3.10000000e-01  0.00000000e+00  0.00000000e+00  0.00000000e+00  1.35576123e-07 -6.24766552e-09 -1.29328447e-07 -1.02200642e-14 
 3.00000000e+01  3.20000000e-01 -3.20000000e-01  0.00000000e+00  0.00000000e+00  0.00000000e+00  1.39073482e-07 -6.67529042e-09 -1.32398182e-07 -1.02338390e-14 
 3.00000000e+01  3.30000000e-01 -3.30000000e-01  0.00000000e+00  0.00000000e+00  0.00000000e+00  1.42654377e-07 -7.12214264e-09 -1.35532224e-07 -1.02481230e-14 
 3.00000000e+01  3.40000000e-01 -3.40000000e-01  0.00000000e+00  0.00000000e+00  0.00000000e+00  1.46320960e-07 -7.58878373e-09 -1.38732166e-07 -1.02629338e-14 
 3.00000000e+01  3.50000000e-01 -3.50000000e-01  0.00000000e+00  0.00000000e+00  0.00000000e+00  1.50075399e-07 -8.07578859e-09 -1.41999600e-07 -1.02782887e-14 
 3.00000000e+01  3.60000000e-01 -3.60000000e-01  0.00000000e+00  0.00000000e+00  0.00000000e+00  1.53919880e-07 -8.58374567e-09 -1.45336124e-07 -1.02942049e-14 
 3.00000000e+01  3.70000000e-01 -3.70000000e-01  0.00000000e+00  0.00000000e+00  0.00000000e+00  1.57856614e-07 -9.11325731e-09 -1.48743346e-07 -1.03106998e-14 
 3.00000000e+01  3.80000000e-01 -3.80000000e-01  0.00000000e+00  0.00000000e+00  0.00000000e+00  1.61887837e-07 -9.66494002e-09 -1.52222886e-07 -1.03277910e-14 
 3.00000000e+01  3.90000000e-01 -3.90000000e-01  0.00000000e+00  0.00000000e+00  0.00000000e+00  1.66015815e-07 -1.02394248e-08 -1.55776380e-07 -1.03454963e-14 
 3.00000000e+01  4.00000000e-01 -4.00000000e-01  0.00000000e+00  0.00000000e+00  0.00000000e+00  1.70242848e-07 -1.08373573e-08 -1.59405480e-07 -1.03638341e-14 
 3.00000000e+01  4.10000000e-01 -4.10000000e-01  0.00000000e+00  0.00000000e+00  0.00000000e+00  1.74571267e-07 -1.14593984e-08 -1.63111859e-07 -1.03828229e-14 
 3.00000000e+01  4.20000000e-01 -4.20000000e-01  0.00000000e+00  0.00000000e+00  0.00000000e+00  1.79003442e-07 -1.21062243e-08 -1.66897207e-07 -1.04024818e-14 
 3.00000000e+01  4.30000000e-01 -4.30000000e-01  0.00000000e+00  0.00000000e+00  0.00000000e+00  1.83541779e-07 -1.27785268e-08 -1.70763242e-07 -1.04228305e-14 
 3.00000000e+01  4.40000000e-01 -4.40000000e-01  0.00000000e+00  0.00000000e+00  0.00000000e+00  1.88188726e-07 -1.34770139e-08 -1.74711702e-07 -1.04438891e-14 
 3.00000000e+01  4.50000000e-01 -4.50000000e-01  0.00000000e+00  0.00000000e+00  0.00000000e+00  1.92946772e-07 -1.42024100e-08 -1.78744351e-07 -1.04656779e-14 
 3.00000000e+01  4.60000000e-01 -4.60000000e-01  0.00000000e+00  0.00000000e+00  0.00000000e+00  1.97818447e-07 -1.49554560e-08 -1.82862981e-07 -1.04882183e-14 
 3.00000000e+01  4.70000000e-01 -4.70000000e-01  0.00000000e+00  0.00000000e+00  0.00000000e+00  2.02806330e-07 -1.57369100e-08 -1.87069409e-07 -1.05115316e-14 
 3.00000000e+01  4.80000000e-01 -4.80000000e-01  0.00000000e+00  0.00000000e+00  0.00000000e+00  2.07913041e-07 -1.65475474e-08 -1.91365483e-07 -1.05356402e-14 
 3.00000000e+01  4.90000000e-01 -4.90000000e-01  0.00000000e+00  0.00000000e+00  0.00000000e+00  2.13141252e-07 -1.73881615e-08 -1.95753080e-07 -1.05605668e-14 
 3.00000000e+01  5.00000000e-01 -5.00000000e-01  0.00000000e+00  0.00000000e+00  0.00000000e+00  2.18493680e-07 -1.82595636e-08 -2.00234106e-07 -1.05863345e-14 
 3.00000000e+01  5.10000000e-01 -5.10000000e-01  0.00000000e+00  0.00000000e+00  0.00000000e+00  2.23973094e-07 -1.91625837e-08 -2.04810499e-07 -1.06129674e-14 
 3.00000000e+01  5.20000000e-01 -5.20000000e-01  0.00000000e+00  0.00000000e+00  0.00000000e+00  2.29582312e-07 -2.00980704e-08 -2.09484231e-07 -1.06404900e-14 
 3.00000000e+01  5.30000000e-01 -5.30000000e-01  0.00000000e+00  0.00000000e+00  0.00000000e+00  2.35324208e-07 -2.10668917e-08 -2.14257305e-07 -1.06689272e-14 
 3.00000000e+01  5.40000000e-01 -5.40000000e-01  0.00000000e+00  0.00000000e+00  0.00000000e+00  2.41201705e-07 -2.20699354e-08 -2.19131759e-07 -1.06983049e-14 
 3.00000000e+01  5.50000000e-01 -5.50000000e-01  0.00000000e+00  0.00000000e+00  0.00000000e+00  2.47217784e-07 -2.31081092e-08 -2.24109665e-07 -1.07286493e-14 
 3.00000000e+01  5.60000000e-01 -5.60000000e-01  0.00000000e+00  0.00000000e+00  0.00000000e+00  2.53375482e-07 -2.41823413e-08 -2.29193130e-07 -1.07599876e-14 
 3.00000000e+01  5.70000000e-01 -5.70000000e-01  0.00000000e+00  0.00000000e+00  0.00000000e+00  2.59677889e-07 -2.52935809e-08 -2.34384298e-07 -1.07923474e-14 
 3.00000000e+01  5.80000000e-01 -5.80000000e-01  0.00000000e+00  0.00000000e+00  0.00000000e+00  2.66128159e-07 -2.64427983e-08 -2.39685350e-07 -1.08257571e-14 
 3.00000000e+01  5.90000000e-01 -5.90000000e-01  0.00000000e+00  0.00000000e+00  0.00000000e+00  2.72729501e-07 -2.76309859e-08 -2.45098505e-07 -1.08602458e-14 
 3.00000000e+01  6.00000000e-01 -6.00000000e-01  0.00000000e+00  0.00000000e+00  0.00000000e+00  2.79485187e-07 -2.88591580e-08 -2.50626018e-07 -1.08958432e-14 
 3.00000000e+01  6.10000000e-01 -6.10000000e-01  0.00000000e+00  0.00000000e+00  0.00000000e+00  2.86398550e-07 -3.01283516e-08 -2.56270187e-07 -1.09325797e-14 
 3.00000000e+01  6.20000000e-01 -6.20000000e-01  0.00000000e+00  0.00000000e+00  0.00000000e+00  2.93472985e-07 -3.14396270e-08 -2.62033347e-07 -1.09704868e-14 
 3.00000000e+01  6.30000000e-01 -6.30000000e-01  0.00000000e+00  0.00000000e+00  0.00000000e+00  3.00711952e-07 -3.27940678e-08 -2.67917874e-07 -1.10095963e-14 
 3.00000000e+01  6.40000000e-01 -6.40000000e-01  0.00000000e+00  0.00000000e+00  0.00000000e+00  3.08118978e-07 -3.41927819e-08 -2.73926185e-07 -1.10499411e-14 
 3.00000000e+01  6.50000000e-01 -6.50000000e-01  0.00000000e+00  0.00000000e+00  0.00000000e+00  3.15697654e-07 -3.56369016e-08 -2.80060741e-07 -1.10915546e-14 
 3.00000000e+01  6.60000000e-01 -6.60000000e-01  0.00000000e+00  0.00000000e+00  0.00000000e+00  3.23451640e-07 -3.71275843e-08 -2.86324044e-07 -1.11344713e-14 
 3.00000000e+01  6.70000000e-01 -6.70000000e-01  0.00000000e+00  0.00000000e+00  0.00000000e+00  3.31384664e-07 -3.86660129e-08 -2.92718640e-07 -1.11787264e-14 
 3.00000000e+01  6.80000000e-01 -6.80000000e-01  0.00000000e+00  0.00000000e+00  0.00000000e+00  3.39500527e-07 -4.02533963e-08 -2.99247120e-07 -1.12243558e-14 
 3.00000000e+01  6.90000000e-01 -6.90000000e-01  0.00000000e+00  0.00000000e+00  0.00000000e+00  3.47803099e-07 -4.18909702e-08 -3.05912118e-07 -1.12713965e-14 
 3.00000000e+01  7.00000000e-01 -7.00000000e-01  0.00000000e+00  0.00000000e+00  0.00000000e+00  3.56296325e-07 -4.35799971e-08 -3.12716316e-07 -1.13198861e-14 
 3.00000000e+01  7.10000000e-01 -7.10000000e-01  0.00000000e+00  0.00000000e+00  0.00000000e+00  3.64984221e-07 -4.53217675e-08 -3.19662442e-07 -1.13698634e-14 
 3.00000000e+01  7.20000000e-01 -7.20000000e-01  0.00000000e+00  0.00000000e+00  0.00000000e+00  3.73870883e-07 -4.71175998e-08 -3.26753272e-07 -1.14213679e-14 
 3.00000000e+01  7.30000000e-01 -7.30000000e-01  0.00000000e+00  0.00000000e+00  0.00000000e+00  3.82960481e-07 -4.89688413e-08 -3.33991628e-07 -1.14744400e-14 
 3.00000000e+01  7.40000000e-01 -7.40000000e-01  0.00000000e+00  0.00000000e+00  0.00000000e+00  3.92257264e-07 -5.08768688e-08 -3.41380383e-07 -1.15291212e-14 
 3.00000000e+01  7.50000000e-01 -7.50000000e-01  0.00000000e+00  0.00000000e+00  0.00000000e+00  4.01765561e-07 -5.28430888e-08 -3.48922461e-07 -1.15854538e-14 
 3.00000000e+01  7.60000000e-01 -7.60000000e-01  0.00000000e+00  0.00000000e+00  0.00000000e+00  4.11489784e-07 -5.48689384e-08 -3.56620833e-07 -1.16434813e-14 
 3.00000000e+01  7.70000000e-01 -7.70000000e-01  0.00000000e+00  0.00000000e+00  0.00000000e+00  4.21434425e-07 -5.69558860e-08 -3.64478527e-07 -1.17032480e-14 
 3.00000000e+01  7.80000000e-01 -7.80000000e-01  0.00000000e+00  0.00000000e+00  0.00000000e+00  4.31604063e-07 -5.91054315e-08 -3.72498619e-07 -1.17647993e-14 
 3.00000000e+01  7.90000000e-01 -7.90000000e-01  0.00000000e+00  0.00000000e+00  0.00000000e+00  4.42003361e-07 -6.13191075e-08 -3.80684242e-07 -1.18281816e-14 
 3.00000000e+01  8.00000000e-01 -8.00000000e-01  0.00000000e+00  0.00000000e+00  0.00000000e+00  4.52637072e-07 -6.35984794e-08 -3.89038581e-07 -1.18934425e-14 
 3.00000000e+01  8.10000000e-01 -8.10000000e-01  0.00000000e+00  0.00000000e+00  0.00000000e+00  4.63510037e-07 -6.59451464e-08 -3.97564879e-07 -1.19606305e-14 
 3.00000000e+01  8.20000000e-01 -8.20000000e-01  0.00000000e+00  0.00000000e+00  0.00000000e+00  4.74627189e-07 -6.83607419e-08 -4.06266435e-07 -1.20297953e-14 
 3.00000000e+01  8.30000000e-01 -8.30000000e-01  0.00000000e+00  0.00000000e+00  0.00000000e+00  4.85993552e-07 -7.08469347e-08 -4.15146606e-07 -1.21009878e-14 
 3.00000000e+01  8.40000000e-01 -8.40000000e-01  0.00000000e+00  0.00000000e+00  0.00000000e+00  4.97614248e-07 -7.34054289e-08 -4.24208807e-07 -1.21742599e-14 
 3.00000000e+01  8.50000000e-01 -8.50000000e-01  0.00000000e+00  0.00000000e+00  0.00000000e+00  5.09494494e-07 -7.60379654e-08 -4.33456517e-07 -1.22496648e-14 
 3.00000000e+01  8.60000000e-01 -8.60000000e-01  0.00000000e+00  0.00000000e+00  0.00000000e+00  5.21639607e-07 -7.87463221e-08 -4.42893272e-07 -1.23272569e-14 
 3.00000000e+01  8.70000000e-01 -8.70000000e-01  0.00000000e+00  0.00000000e+00  0.00000000e+00  5.34055002e-07 -8.15323147e-08 -4.52522675e-07 -1.24070916e-14 
 3.00000000e+01  8.80000000e-01 -8.80000000e-01  0.00000000e+00  0.00000000e+00  0.00000000e+00  5.46746202e-07 -8.43977977e-08 -4.62348392e-07 -1.24892258e-14 
 3.00000000e+01  8.90000000e-01 -8.90000000e-01  0.00000000e+00  0.00000000e+00  0.00000000e+00  5.59718833e-07 -8.73446650e-08 -4.72374155e-07 -1.25737176e-14 
 3.00000000e+01  9.00000000e-01 -9.00000000e-01  0.00000000e+00  0.00000000e+00  0.00000000e+00  5.72978627e-07 -9.03748505e-08 -4.82603764e-07 -1.26606263e-14 
 3.00000000e+01  9.10000000e-01 -9.10000000e-01  0.00000000e+00  0.00000000e+00  0.00000000e+00  5.86531430e-07 -9.34903292e-08 -4.93041088e-07 -1.27500126e-14 
 3.00000000e+01  9.20000000e-01 -9.20000000e-01  0.00000000e+00  0.00000000e+00  0.00000000e+00  6.00383198e-07 -9.66931180e-08 -5.03690067e-07 -1.28419386e-14 
 3.00000000e+01  9.30000000e-01 -9.30000000e-01  0.00000000e+00  0.00000000e+00  0.00000000e+00  6.14540004e-07 -9.99852760e-08 -5.14554715e-07 -1.29364683e-14 
 3.00000000e+01  9.40000000e-01 -9.40000000e-01  0.00000000e+00  0.00000000e+00  0.00000000e+00  6.29008040e-07 -1.03368906e-07 -5.25639120e-07 -1.43996868e-14 
 3.00000000e+01  9.50000000e-01 -9.50000000e-01  0.00000000e+00  0.00000000e+00  0.00000000e+00  6.43793618e-07 -1.06846155e-07 -5.36947446e-07 -1.65934273e-14 
 3.00000000e+01  9.60000000e-01 -9.60000000e-01  0.00000000e+00  0.00000000e+00  0.00000000e+00  6.58903174e-07 -1.10419215e-07 -5.48483939e-07 -1.98024382e-14 
 3.00000000e+01  9.70000000e-01 -9.70000000e-01  0.00000000e+00  0.00000000e+00  0.00000000e+00  6.74343273e-07 -1.14090325e-07 -5.60252924e-07 -2.44830068e-14 
 3.00000000e+01  9.80000000e-01 -9.80000000e-01  0.00000000e+00  0.00000000e+00  0.00000000e+00  6.90120610e-07 -1.17861769e-07 -5.72258810e-07 -3.13992304e-14 
 3.00000000e+01  9.90000000e-01 -9.90000000e-01  0.00000000e+00  0.00000000e+00  0.00000000e+00  7.06242015e-07 -1.21735879e-07 -5.84506093e-07 -4.22255751e-14 
 3.00000000e+01  1.00000000e+00 -1.00000000e+00  0.00000000e+00  0.00000000e+00  0.00000000e+00  7.22714459e-07 -1.25715039e-07 -5.96999358e-07 -6.17070040e-14 
 3.00000000e+01  1.01000000e+00 -1.01000000e+00  0.00000000e+00  0.00000000e+00  0.00000000e+00  7.39545066e-07 -1.29801679e-07 -6.09743282e-07 -1.04547860e-13 
 3.00000000e+01  1.02000000e+00 -1.02000000e+00  0.00000000e+00  0.00000000e+00  0.00000000e+00  7.56741132e-07 -1.33998281e-07 -6.22742636e-07 -2.14798304e-13 
 3.00000000e+01  1.03000000e+00 -1.03000000e+00  0.00000000e+00  0.00000000e+00  0.00000000e+00  7.74310183e-07 -1.38307379e-07 -6.36002290e-07 -5.14479056e-13 
 3.00000000e+01  1.04000000e+00 -1.04000000e+00  0.00000000e+00  0.00000000e+00  0.00000000e+00  7.92260085e-07 -1.42731558e-07 -6.49527213e-07 -1.31370333e-12 
 3.00000000e+01  1.05000000e+00 -1.05000000e+00  0.00000000e+00  0.00000000e+00  0.00000000e+00  8.10599280e-07 -1.47273459e-07 -6.63322482e-07 -3.33866143e-12 
 3.00000000e+01  1.06000000e+00 -1.06000000e+00  0.00000000e+00  0.00000000e+00  0.00000000e+00  8.29337225e-07 -1.51935777e-07 -6.77393280e-07 -8.16781650e-12 
 3.00000000e+01  1.07000000e+00 -1.07000000e+00  0.00000000e+00  0.00000000e+00  0.00000000e+00  8.48485175e-07 -1.56721262e-07 -6.91744903e-07 -1.90104581e-11 
 3.00000000e+01  1.08000000e+00 -1.08000000e+00  0.00000000e+00  0.00000000e+00  0.00000000e+00  8.68057497e-07 -1.61632721e-07 -7.06382763e-07 -4.20135918e-11 
 3.00000000e+01  1.09000000e+00 -1.09000000e+00  0.00000000e+00  0.00000000e+00  0.00000000e+00  8.88073750e-07 -1.66673018e-07 -7.21312392e-07 -8.83394835e-11 
 3.00000000e+01  1.10000000e+00 -1.10000000e+00  0.00000000e+00  0.00000000e+00  0.00000000e+00  9.08561840e-07 -1.71845080e-07 -7.36539449e-07 -1.77312117e-10 
 3.00000000e+01  1.11000000e+00 -1.11000000e+00  0.00000000e+00  0.00000000e+00  0.00000000e+00  9.29562590e-07 -1.77151889e-07 -7.52069720e-07 -3.40980688e-10 
 3.00000000e+01  1.12000000e+00 -1.12000000e+00  0.00000000e+00  0.00000000e+00  0.00000000e+00  9.51136108e-07 -1.82596491e-07 -7.67909131e-07 -6.30486380e-10 
 3.00000000e+01  1.13000000e+00 -1.13000000e+00  0.00000000e+00  0.00000000e+00  0.00000000e+00  9.73370379e-07 -1.88181995e-07 -7.84063744e-07 -1.12464021e-09 
 3.00000000e+01  1.14000000e+00 -1.14000000e+00  0.00000000e+00  0.00000000e+00  0.00000000e+00  9.96392466e-07 -1.93911573e-07 -8.00539772e-07 -1.94112109e-09 
 3.00000000e+01  1.15000000e+00 -1.15000000e+00  0.00000000e+00  0.00000000e+00  0.00000000e+00  1.02038272e-06 -1.99788461e-07 -8.17343579e-07 -3.25068265e-09 
 3.00000000e+01  1.16000000e+00 -1.16000000e+00  0.00000000e+00  0.00000000e+00  0.00000000e+00  1.04559237e-06 -2.05815964e-07 -8.34481690e-07 -5.29471506e-09 
 3.00000000e+01  1.17000000e+00 -1.17000000e+00  0.00000000e+00  0.00000000e+00  0.00000000e+00  1.07236470e-06 -2.11997450e-07 -8.51960802e-07 -8.40644530e-09 
 3.00000000e+01  1.18000000e+00 -1.18000000e+00  0.00000000e+00  0.00000000e+00  0.00000000e+00  1.10116012e-06 -2.18336360e-07 -8.69787784e-07 -1.30359799e-08 
 3.00000000e+01  1.19000000e+00 -1.19000000e+00  0.00000000e+00  0.00000000e+00  0.00000000e+00  1.13258520e-06 -2.24836202e-07 -8.87969693e-07 -1.97793020e-08 
 3.00000000e+01  1.20000000e+00 -1.20000000e+00  0.00000000e+00  0.00000000e+00  0.00000000e+00  1.16742558e-06 -2.31500559e-07 -9.06513783e-07 -2.94112341e-08 
