 3.00000000e+01  1.00000000e-02  1.00000000e-02  0.00000000e+00  1.00000000e-02  1.00000000e-02 -2.09308223e-11  4.18619190e-11 -2.09308223e-11 -2.74438675e-16 
 3.00000000e+01  2.00000000e-02  2.00000000e-02  0.00000000e+00  2.00000000e-02  2.00000000e-02 -3.85794325e-11  7.71594239e-11 -3.85794325e-11 -5.58797800e-16 
 3.00000000e+01  3.00000000e-02  3.00000000e-02  0.00000000e+00  3.00000000e-02  3.00000000e-02 -5.30695196e-11  1.06139893e-10 -5.30695196e-11 -8.53917631e-16 
 3.00000000e+01  4.00000000e-02  4.00000000e-02  0.00000000e+00  4.00000000e-02  4.00000000e-02 -6.45232098e-11  1.29047579e-10 -6.45232098e-11 -1.16042159e-15 
 3.00000000e+01  5.00000000e-02  5.00000000e-02  0.00000000e+00  5.00000000e-02  5.00000000e-02 -7.30619911e-11  1.46125460e-10 -7.30619911e-11 -1.47798440e-15 
 3.00000000e+01  6.00000000e-02  6.00000000e-02  0.00000000e+00  6.00000000e-02  6.00000000e-02 -7.88081242e-11  1.57618056e-10 -7.88081242e-11 -1.80866606e-15 
 3.00000000e+01  7.00000000e-02  7.00000000e-02  0.00000000e+00  7.00000000e-02  7.00000000e-02 -8.18868242e-11  1.63775801e-10 -8.18868242e-11 -2.15365920e-15 
 3.00000000e+01  8.00000000e-02  8.00000000e-02  0.00000000e+00  8.00000000e-02  8.00000000e-02 -8.24296857e-11  1.64861884e-10 -8.24296857e-11 -2.51274695e-15 
 3.00000000e+01  9.00000000e-02  9.00000000e-02  0.00000000e+00  9.00000000e-02  9.00000000e-02 -8.05801551e-11  1.61163202e-10 -8.05801551e-11 -2.89265140e-15 
 3.00000000e+01  1.00000000e-01  1.00000000e-01  0.00000000e+00  1.00000000e-01  1.00000000e-01 -7.65025118e-11  1.53008315e-10 -7.65025118e-11 -3.29033675e-15 
 3.00000000e+01  1.10000000e-01  1.10000000e-01  0.00000000e+00  1.10000000e-01  1.10000000e-01 -7.03972823e-11  1.40798281e-10 -7.03972823e-11 -3.71707873e-15 
 3.00000000e+01  1.20000000e-01  1.20000000e-01  0.00000000e+00  1.20000000e-01  1.20000000e-01 -6.25298965e-11  1.25063964e-10 -6.25298965e-11 -4.17157628e-15 
 3.00000000e+01  1.30000000e-01  1.30000000e-01  0.00000000e+00  1.30000000e-01  1.30000000e-01 -5.32922822e-11  1.06589227e-10 -5.32922822e-11 -4.66120198e-15 
 3.00000000e+01  1.40000000e-01  1.40000000e-01  0.00000000e+00  1.40000000e-01  1.40000000e-01 -4.33727045e-11  8.67506064e-11 -4.33727045e-11 -5.19766521e-15 
 3.00000000e+01  1.50000000e-01  1.50000000e-01  0.00000000e+00  1.50000000e-01  1.50000000e-01 -3.44318116e-11  6.88694097e-11 -3.44318116e-11 -5.79007328e-15 
 3.00000000e+01  1.60000000e-01  1.60000000e-01  0.00000000e+00  1.60000000e-01  1.60000000e-01 -3.24517502e-11  6.49099421e-11 -3.24517502e-11 -6.44232931e-15 
 3.00000000e+01  1.70000000e-01  1.70000000e-01  0.00000000e+00  1.70000000e-01  1.70000000e-01 -4.83738626e-11  9.67549035e-11 -4.83738626e-11 -7.17915311e-15 
 3.00000000e+01  1.80000000e-01  1.80000000e-01  0.00000000e+00  1.80000000e-01  1.80000000e-01 -7.86176698e-11  1.57243354e-10 -7.86176698e-11 -8.01659086e-15 
 3.00000000e+01  1.90000000e-01  1.90000000e-01  0.00000000e+00  1.90000000e-01  1.90000000e-01 -1.19333543e-10  2.38676059e-10 -1.19333543e-10 -8.97545926e-15 
 3.00000000e+01  2.00000000e-01  2.00000000e-01  0.00000000e+00  2.00000000e-01  2.00000000e-01 -1.71428563e-10  3.42867210e-10 -1.71428563e-10 -1.00830802e-14 
 3.00000000e+01  2.10000000e-01  2.10000000e-01  0.00000000e+00  2.10000000e-01  2.10000000e-01 -2.37266356e-10  4.74544089e-10 -2.37266356e-10 -1.13797860e-14 
 3.00000000e+01  2.20000000e-01  2.20000000e-01  0.00000000e+00  2.20000000e-01  2.20000000e-01 -3.19751343e-10  6.39515584e-10 -3.19751343e-10 -1.28994038e-14 
 3.00000000e+01  2.30000000e-01  2.30000000e-01  0.00000000e+00  2.30000000e-01  2.30000000e-01 -4.21855103e-10  8.43724901e-10 -4.21855103e-10 -1.46939752e-14 
 3.00000000e+01  2.40000000e-01  2.40000000e-01  0.00000000e+00  2.40000000e-01  2.40000000e-01 -5.46185811e-10  1.09238845e-09 -5.46185811e-10 -1.68346240e-14 
 3.00000000e+01  2.50000000e-01  2.50000000e-01  0.00000000e+00  2.50000000e-01  2.50000000e-01 -6.94656538e-10  1.38933245e-09 -6.94656538e-10 -1.93803307e-14 
 3.00000000e+01  2.60000000e-01  2.60000000e-01  0.00000000e+00  2.60000000e-01  2.60000000e-01 -8.68361969e-10  1.73674636e-09 -8.68361969e-10 -2.24247704e-14 
 3.00000000e+01  2.70000000e-01  2.70000000e-01  0.00000000e+00  2.70000000e-01  2.70000000e-01 -1.06768454e-09  2.13539518e-09 -1.06768454e-09 -2.60893737e-14 
 3.00000000e+01  2.80000000e-01  2.80000000e-01  0.00000000e+00  2.80000000e-01  2.80000000e-01 -1.29254330e-09  2.58511710e-09 -1.29254330e-09 -3.04903672e-14 
 3.00000000e+01  2.90000000e-01  2.90000000e-01  0.00000000e+00  2.90000000e-01  2.90000000e-01 -1.54266295e-09  3.08536171e-09 -1.54266295e-09 -3.58055599e-14 
 3.00000000e+01  3.00000000e-01  3.00000000e-01  0.00000000e+00  3.00000000e-01  3.00000000e-01 -1.81777974e-09  3.63560170e-09 -1.81777974e-09 -4.22205673e-14 
 3.00000000e+01  3.10000000e-01  3.10000000e-01  0.00000000e+00  3.10000000e-01  3.10000000e-01 -2.11776028e-09  4.23557052e-09 -2.11776028e-09 -4.99635056e-14 
 3.00000000e+01  3.20000000e-01  3.20000000e-01  0.00000000e+00  3.20000000e-01  3.20000000e-01 -2.44264835e-09  4.88535601e-09 -2.44264835e-09 -5.93206040e-14 
 3.00000000e+01  3.30000000e-01  3.30000000e-01  0.00000000e+00  3.30000000e-01  3.30000000e-01 -2.79266655e-09  5.58540373e-09 -2.79266655e-09 -7.06388073e-14 
 3.00000000e+01  3.40000000e-01  3.40000000e-01  0.00000000e+00  3.40000000e-01  3.40000000e-01 -3.16819596e-09  6.33647623e-09 -3.16819596e-09 -8.43205714e-14 
 3.00000000e+01  3.50000000e-01  3.50000000e-01  0.00000000e+00  3.50000000e-01  3.50000000e-01 -3.56974864e-09  7.13959815e-09 -3.56974865e-09 -1.00862894e-13 
 3.00000000e+01  3.60000000e-01  3.60000000e-01  0.00000000e+00  3.60000000e-01  3.60000000e-01 -3.99794103e-09  7.99600291e-09 -3.99794103e-09 -1.20852113e-13 
 3.00000000e+01  3.70000000e-01  3.70000000e-01  0.00000000e+00  3.70000000e-01  3.70000000e-01 -4.45347130e-09  8.90708761e-09 -4.45347130e-09 -1.45009872e-13 
 3.00000000e+01  3.80000000e-01  3.80000000e-01  0.00000000e+00  3.80000000e-01  3.80000000e-01 -4.93710176e-09  9.87437771e-09 -4.93710176e-09 -1.74181849e-13 
 3.00000000e+01  3.90000000e-01  3.90000000e-01  0.00000000e+00  3.90000000e-01  3.90000000e-01 -5.44964570e-09  1.08995008e-08 -5.44964570e-09 -2.09396736e-13 
 3.00000000e+01  4.00000000e-01  4.00000000e-01  0.00000000e+00  4.00000000e-01  4.00000000e-01 -5.99195803e-09  1.19841679e-08 -5.99195803e-09 -2.51874910e-13 
 3.00000000e+01  4.10000000e-01  4.10000000e-01  0.00000000e+00  4.10000000e-01  4.10000000e-01 -6.56492884e-09  1.31301608e-08 -6.56492884e-09 -3.03090886e-13 
 3.00000000e+01  4.20000000e-01  4.20000000e-01  0.00000000e+00  4.20000000e-01  4.20000000e-01 -7.16947917e-09  1.43393232e-08 -7.16947917e-09 -3.64815816e-13 
 3.00000000e+01  4.30000000e-01  4.30000000e-01  0.00000000e+00  4.30000000e-01  4.30000000e-01 -7.80655834e-09  1.56135558e-08 -7.80655834e-09 -4.39160860e-13 
 3.00000000e+01  4.40000000e-01  4.40000000e-01  0.00000000e+00  4.40000000e-01  4.40000000e-01 -8.47714245e-09  1.69548135e-08 -8.47714245e-09 -5.28636163e-13 
 3.00000000e+01  4.50000000e-01  4.50000000e-01  0.00000000e+00  4.50000000e-01  4.50000000e-01 -9.18223357e-09  1.83651034e-08 -9.18223357e-09 -6.36294836e-13 
 3.00000000e+01  4.60000000e-01  4.60000000e-01  0.00000000e+00  4.60000000e-01  4.60000000e-01 -9.92285957e-09  1.98464849e-08 -9.92285957e-09 -7.65734698e-13 
 3.00000000e+01  4.70000000e-01  4.70000000e-01  0.00000000e+00  4.70000000e-01  4.70000000e-01 -1.07000742e-08  2.14010697e-08 -1.07000742e-08 -9.21287352e-13 
 3.00000000e+01  4.80000000e-01  4.80000000e-01  0.00000000e+00  4.80000000e-01  4.80000000e-01 -1.15149576e-08  2.30310233e-08 -1.15149576e-08 -1.10814656e-12 
 3.00000000e+01  4.90000000e-01  4.90000000e-01  0.00000000e+00  4.90000000e-01  4.90000000e-01 -1.23686164e-08  2.47385654e-08 -1.23686164e-08 -1.33249314e-12 
 3.00000000e+01  5.00000000e-01  5.00000000e-01  0.00000000e+00  5.00000000e-01  5.00000000e-01 -1.32621849e-08  2.65259715e-08 -1.32621849e-08 -1.60169621e-12 
 3.00000000e+01  5.10000000e-01  5.10000000e-01  0.00000000e+00  5.10000000e-01  5.10000000e-01 -1.41968251e-08  2.83955748e-08 -1.41968251e-08 -1.92464274e-12 
 3.00000000e+01  5.20000000e-01  5.20000000e-01  0.00000000e+00  5.20000000e-01  5.20000000e-01 -1.51737276e-08  3.03497670e-08 -1.51737276e-08 -2.31184516e-12 
 3.00000000e+01  5.30000000e-01  5.30000000e-01  0.00000000e+00  5.30000000e-01  5.30000000e-01 -1.61941123e-08  3.23910005e-08 -1.61941123e-08 -2.77594094e-12 
 3.00000000e+01  5.40000000e-01  5.40000000e-01  0.00000000e+00  5.40000000e-01  5.40000000e-01 -1.72592290e-08  3.45217899e-08 -1.72592290e-08 -3.33198052e-12 
 3.00000000e+01  5.50000000e-01  5.50000000e-01  0.00000000e+00  5.50000000e-01  5.50000000e-01 -1.83703580e-08  3.67447139e-08 -1.83703580e-08 -3.99793046e-12 
 3.00000000e+01  5.60000000e-01  5.60000000e-01  0.00000000e+00  5.60000000e-01  5.60000000e-01 -1.95288107e-08  3.90624167e-08 -1.95288107e-08 -4.79525274e-12 
 3.00000000e+01  5.70000000e-01  5.70000000e-01  0.00000000e+00  5.70000000e-01  5.70000000e-01 -2.07359306e-08  4.14776107e-08 -2.07359306e-08 -5.74952759e-12 
 3.00000000e+01  5.80000000e-01  5.80000000e-01  0.00000000e+00  5.80000000e-01  5.80000000e-01 -2.19930932e-08  4.39930776e-08 -2.19930932e-08 -6.89128789e-12 
 3.00000000e+01  5.90000000e-01  5.90000000e-01  0.00000000e+00  5.90000000e-01  5.90000000e-01 -2.33017074e-08  4.66116718e-08 -2.33017074e-08 -8.25698884e-12 
 3.00000000e+01  6.00000000e-01  6.00000000e-01  0.00000000e+00  6.00000000e-01  6.00000000e-01 -2.46632158e-08  4.93363216e-08 -2.46632158e-08 -9.89001936e-12 
 3.00000000e+01  6.10000000e-01  6.10000000e-01  0.00000000e+00  6.10000000e-01  6.10000000e-01 -2.60790953e-08  5.21700328e-08 -2.60790953e-08 -1.18422147e-11 
 3.00000000e+01  6.20000000e-01  6.20000000e-01  0.00000000e+00  6.20000000e-01  6.20000000e-01 -2.75508579e-08  5.51158910e-08 -2.75508579e-08 -1.41752773e-11 
 3.00000000e+01  6.30000000e-01  6.30000000e-01  0.00000000e+00  6.30000000e-01  6.30000000e-01 -2.90800512e-08  5.81770652e-08 -2.90800512e-08 -1.69627576e-11 
 3.00000000e+01  6.40000000e-01  6.40000000e-01  0.00000000e+00  6.40000000e-01  6.40000000e-01 -3.06682594e-08  6.13568112e-08 -3.06682594e-08 -2.02923563e-11 
 3.00000000e+01  6.50000000e-01  6.50000000e-01  0.00000000e+00  6.50000000e-01  6.50000000e-01 -3.23171037e-08  6.46584758e-08 -3.23171037e-08 -2.42684813e-11 
 3.00000000e+01  6.60000000e-01  6.60000000e-01  0.00000000e+00  6.60000000e-01  6.60000000e-01 -3.40282429e-08  6.80855013e-08 -3.40282429e-08 -2.90155261e-11 
 3.00000000e+01  6.70000000e-01  6.70000000e-01  0.00000000e+00  6.70000000e-01  6.70000000e-01 -3.58033746e-08  7.16414307e-08 -3.58033746e-08 -3.46815823e-11 
 3.00000000e+01  6.80000000e-01  6.80000000e-01  0.00000000e+00  6.80000000e-01  6.80000000e-01 -3.76442354e-08  7.53299139e-08 -3.76442354e-08 -4.14429654e-11 
 3.00000000e+01  6.90000000e-01  6.90000000e-01  0.00000000e+00  6.90000000e-01  6.90000000e-01 -3.95526023e-08  7.91547140e-08 -3.95526023e-08 -4.95095475e-11 
 3.00000000e+01  7.00000000e-01  7.00000000e-01  0.00000000e+00  7.00000000e-01  7.00000000e-01 -4.15302925e-08  8.31197161e-08 -4.15302925e-08 -5.91310317e-11 
 3.00000000e+01  7.10000000e-01  7.10000000e-01  0.00000000e+00  7.10000000e-01  7.10000000e-01 -4.35791654e-08  8.72289353e-08 -4.35791654e-08 -7.06044685e-11 
 3.00000000e+01  7.20000000e-01  7.20000000e-01  0.00000000e+00  7.20000000e-01  7.20000000e-01 -4.57011225e-08  9.14865280e-08 -4.57011225e-08 -8.42831586e-11 
 3.00000000e+01  7.30000000e-01  7.30000000e-01  0.00000000e+00  7.30000000e-01  7.30000000e-01 -4.78981083e-08  9.58968038e-08 -4.78981083e-08 -1.00587115e-10 
 3.00000000e+01  7.40000000e-01  7.40000000e-01  0.00000000e+00  7.40000000e-01  7.40000000e-01 -5.01721120e-08  1.00464239e-07 -5.01721120e-08 -1.20015583e-10 
 3.00000000e+01  7.50000000e-01  7.50000000e-01  0.00000000e+00  7.50000000e-01  7.50000000e-01 -5.25251670e-08  1.05193496e-07 -5.25251670e-08 -1.43161748e-10 
 3.00000000e+01  7.60000000e-01  7.60000000e-01  0.00000000e+00  7.60000000e-01  7.60000000e-01 -5.49593532e-08  1.10089437e-07 -5.49593532e-08 -1.70730137e-10 
 3.00000000e+01  7.70000000e-01  7.70000000e-01  0.00000000e+00  7.70000000e-01  7.70000000e-01 -5.74767969e-08  1.15157151e-07 -5.74767969e-08 -2.03557258e-10 
 3.00000000e+01  7.80000000e-01  7.80000000e-01  0.00000000e+00  7.80000000e-01  7.80000000e-01 -6.00796721e-08  1.20401980e-07 -6.00796721e-08 -2.42635819e-10 
 3.00000000e+01  7.90000000e-01  7.90000000e-01  0.00000000e+00  7.90000000e-01  7.90000000e-01 -6.27702015e-08  1.25829546e-07 -6.27702015e-08 -2.89143411e-10 
 3.00000000e+01  8.00000000e-01  8.00000000e-01  0.00000000e+00  8.00000000e-01  8.00000000e-01 -6.55506574e-08  1.31445791e-07 -6.55506574e-08 -3.44476225e-10 
 3.00000000e+01  8.10000000e-01  8.10000000e-01  0.00000000e+00  8.10000000e-01  8.10000000e-01 -6.84233626e-08  1.37257014e-07 -6.84233626e-08 -4.10288657e-10 
 3.00000000e+01  8.20000000e-01  8.20000000e-01  0.00000000e+00  8.20000000e-01  8.20000000e-01 -7.13906916e-08  1.43269923e-07 -7.13906916e-08 -4.88539955e-10 
 3.00000000e+01  8.30000000e-01  8.30000000e-01  0.00000000e+00  8.30000000e-01  8.30000000e-01 -7.44550715e-08  1.49491692e-07 -7.44550715e-08 -5.81548632e-10 
 3.00000000e+01  8.40000000e-01  8.40000000e-01  0.00000000e+00  8.40000000e-01  8.40000000e-01 -7.76189830e-08  1.55930022e-07 -7.76189830e-08 -6.92056440e-10 
 3.00000000e+01  8.50000000e-01  8.50000000e-01  0.00000000e+00  8.50000000e-01  8.50000000e-01 -8.08849617e-08  1.62593226e-07 -8.08849617e-08 -8.23302770e-10 
 3.00000000e+01  8.60000000e-01  8.60000000e-01  0.00000000e+00  8.60000000e-01  8.60000000e-01 -8.42555989e-08  1.69490309e-07 -8.42555989e-08 -9.79111504e-10 
 3.00000000e+01  8.70000000e-01  8.70000000e-01  0.00000000e+00  8.70000000e-01  8.70000000e-01 -8.77335431e-08  1.76631078e-07 -8.77335431e-08 -1.16399161e-09 
 3.00000000e+01  8.80000000e-01  8.80000000e-01  0.00000000e+00  8.80000000e-01  8.80000000e-01 -9.13215006e-08  1.84026255e-07 -9.13215006e-08 -1.38325385e-09 
 3.00000000e+01  8.90000000e-01  8.90000000e-01  0.00000000e+00  8.90000000e-01  8.90000000e-01 -9.50222372e-08  1.91687619e-07 -9.50222372e-08 -1.64314513e-09 
 3.00000000e+01  9.00000000e-01  9.00000000e-01  0.00000000e+00  9.00000000e-01  9.00000000e-01 -9.88385791e-08  1.99628161e-07 -9.88385791e-08 -1.95100291e-09 
 3.00000000e+01  9.10000000e-01  9.10000000e-01  0.00000000e+00  9.10000000e-01  9.10000000e-01 -1.02773414e-07  2.07862260e-07 -1.02773414e-07 -2.31543176e-09 
 3.00000000e+01  9.20000000e-01  9.20000000e-01  0.00000000e+00  9.20000000e-01  9.20000000e-01 -1.06829693e-07  2.16405890e-07 -1.06829693e-07 -2.74650384e-09 
 3.00000000e+01  9.30000000e-01  9.30000000e-01  0.00000000e+00  9.30000000e-01  9.30000000e-01 -1.11010431e-07  2.25276847e-07 -1.11010431e-07 -3.25598577e-09 
 3.00000000e+01  9.40000000e-01  9.40000000e-01  0.00000000e+00  9.40000000e-01  9.40000000e-01 -1.15318707e-07  2.34495008e-07 -1.15318707e-07 -3.85759301e-09 
 3.00000000e+01  9.50000000e-01  9.50000000e-01  0.00000000e+00  9.50000000e-01  9.50000000e-01 -1.19757670e-07  2.44082614e-07 -1.19757670e-07 -4.56727314e-09 
 3.00000000e+01  9.60000000e-01  9.60000000e-01  0.00000000e+00  9.60000000e-01  9.60000000e-01 -1.24330534e-07  2.54064587e-07 -1.24330534e-07 -5.40351825e-09 
 3.00000000e+01  9.70000000e-01  9.70000000e-01  0.00000000e+00  9.70000000e-01  9.70000000e-01 -1.29040584e-07  2.64468874e-07 -1.29040584e-07 -6.38770594e-09 
 3.00000000e+01  9.80000000e-01  9.80000000e-01  0.00000000e+00  9.80000000e-01  9.80000000e-01 -1.33891175e-07  2.75326817e-07 -1.33891175e-07 -7.54446709e-09 
 3.00000000e+01  9.90000000e-01  9.90000000e-01  0.00000000e+00  9.90000000e-01  9.90000000e-01 -1.38885734e-07  2.86673544e-07 -1.38885734e-07 -8.90207660e-09 
 3.00000000e+01  1.00000000e+00  1.00000000e+00  0.00000000e+00  1.00000000e+00  1.00000000e+00 -1.44027763e-07  2.98548387e-07 -1.44027763e-07 -1.04928619e-08 
 3.00000000e+01  1.01000000e+00  1.01000000e+00  0.00000000e+00  1.01000000e+00  1.01000000e+00 -1.49320837e-07  3.10995295e-07 -1.49320837e-07 -1.23536217e-08 
 3.00000000e+01  1.02000000e+00  1.02000000e+00  0.00000000e+00  1.02000000e+00  1.02000000e+00 -1.54768609e-07  3.24063263e-07 -1.54768609e-07 -1.45260447e-08 
 3.00000000e+01  1.03000000e+00  1.03000000e+00  0.00000000e+00  1.03000000e+00  1.03000000e+00 -1.60374811e-07  3.37806739e-07 -1.60374811e-07 -1.70571169e-08 
 3.00000000e+01  1.04000000e+00  1.04000000e+00  0.00000000e+00  1.04000000e+00  1.04000000e+00 -1.66143252e-07  3.52286005e-07 -1.66143252e-07 -1.99995019e-08 
 3.00000000e+01  1.05000000e+00  1.05000000e+00  0.00000000e+00  1.05000000e+00  1.05000000e+00 -1.72077824e-07  3.67567528e-07 -1.72077824e-07 -2.34118806e-08 
 3.00000000e+01  1.06000000e+00  1.06000000e+00  0.00000000e+00  1.06000000e+00  1.06000000e+00 -1.78182501e-07  3.83724233e-07 -1.78182501e-07 -2.73592318e-08 
 3.00000000e+01  1.07000000e+00  1.07000000e+00  0.00000000e+00  1.07000000e+00  1.07000000e+00 -1.84461341e-07  4.00835723e-07 -1.84461341e-07 -3.19130403e-08 
 3.00000000e+01  1.08000000e+00  1.08000000e+00  0.00000000e+00  1.08000000e+00  1.08000000e+00 -1.90918491e-07  4.18988398e-07 -1.90918491e-07 -3.71514169e-08 
 3.00000000e+01  1.09000000e+00  1.09000000e+00  0.00000000e+00  1.09000000e+00  1.09000000e+00 -1.97558181e-07  4.38275484e-07 -1.97558181e-07 -4.31591223e-08 
 3.00000000e+01  1.10000000e+00  1.10000000e+00  0.00000000e+00  1.10000000e+00  1.10000000e+00 -2.04384734e-07  4.58796958e-07 -2.04384734e-07 -5.00274898e-08 
 3.00000000e+01  1.11000000e+00  1.11000000e+00  0.00000000e+00  1.11000000e+00  1.11000000e+00 -2.11402563e-07  4.80659374e-07 -2.11402563e-07 -5.78542485e-08 
 3.00000000e+01  1.12000000e+00  1.12000000e+00  0.00000000e+00  1.12000000e+00  1.12000000e+00 -2.18616174e-07  5.03975606e-07 -2.18616174e-07 -6.67432589e-08 
 3.00000000e+01  1.13000000e+00  1.13000000e+00  0.00000000e+00  1.13000000e+00  1.13000000e+00 -2.26030167e-07  5.28864511e-07 -2.26030167e-07 -7.68041764e-08 
 3.00000000e+01  1.14000000e+00  1.14000000e+00  0.00000000e+00  1.14000000e+00  1.14000000e+00 -2.33649241e-07  5.55450552e-07 -2.33649241e-07 -8.81520693e-08 
 3.00000000e+01  1.15000000e+00  1.15000000e+00  0.00000000e+00  1.15000000e+00  1.15000000e+00 -2.41478191e-07  5.83863402e-07 -2.41478191e-07 -1.00907019e-07 
 3.00000000e+01  1.16000000e+00  1.16000000e+00  0.00000000e+00  1.16000000e+00  1.16000000e+00 -2.49521914e-07  6.14237565e-07 -2.49521914e-07 -1.15193736e-07 
 3.00000000e+01  1.17000000e+00  1.17000000e+00  0.00000000e+00  1.17000000e+00  1.17000000e+00 -2.57785409e-07  6.46712044e-07 -2.57785409e-07 -1.31141227e-07 
 3.00000000e+01  1.18000000e+00  1.18000000e+00  0.00000000e+00  1.18000000e+00  1.18000000e+00 -2.66273778e-07  6.81430090e-07 -2.66273778e-07 -1.48882534e-07 
 3.00000000e+01  1.19000000e+00  1.19000000e+00  0.00000000e+00  1.19000000e+00  1.19000000e+00 -2.74992232e-07  7.18539046e-07 -2.74992232e-07 -1.68554582e-07 
 3.00000000e+01  1.20000000e+00  1.20000000e+00  0.00000000e+00  1.20000000e+00  1.20000000e+00 -2.83946088e-07  7.58190319e-07 -2.83946088e-07 -1.90298142e-07 
