 3.00000000e+01  1.00000000e-02 -1.00000000e-02  0.00000000e+00  0.00000000e+00  0.00000000e+00  5.64666228e-08 -1.47254797e-10 -5.63193648e-08 -3.17950121e-15 
 3.00000000e+01  2.00000000e-02 -2.00000000e-02  0.00000000e+00  0.00000000e+00  0.00000000e+00  1.01418130e-07 -3.15912668e-10 -1.01102212e-07 -5.35080519e-15 
 3.00000000e+01  3.00000000e-02 -3.00000000e-02  0.00000000e+00  0.00000000e+00  0.00000000e+00  1.35808168e-07 -5.06766215e-10 -1.35301395e-07 -6.83409527e-15 
 3.00000000e+01  4.00000000e-02 -4.00000000e-02  0.00000000e+00  0.00000000e+00  0.00000000e+00  1.61270929e-07 -7.20627973e-10 -1.60550293e-07 -7.84896180e-15 
 3.00000000e+01  5.00000000e-02 -5.00000000e-02  0.00000000e+00  0.00000000e+00  0.00000000e+00  1.79950408e-07 -9.58331063e-10 -1.78992068e-07 -8.54506352e-15 
 3.00000000e+01  6.00000000e-02 -6.00000000e-02  0.00000000e+00  0.00000000e+00  0.00000000e+00  1.94012008e-07 -1.22072978e-09 -1.92791269e-07 -9.02429977e-15 
 3.00000000e+01  7.00000000e-02 -7.00000000e-02  0.00000000e+00  0.00000000e+00  0.00000000e+00  2.05189269e-07 -1.50870015e-09 -2.03680559e-07 -9.35602132e-15 
 3.00000000e+01  8.00000000e-02 -8.00000000e-02  0.00000000e+00  0.00000000e+00  0.00000000e+00  2.14653317e-07 -1.82314051e-09 -2.12830167e-07 -9.58744800e-15 
 3.00000000e+01  9.00000000e-02 -9.00000000e-02  0.00000000e+00  0.00000000e+00  0.00000000e+00  2.23123064e-07 -2.16497201e-09 -2.20958082e-07 -9.75075744e-15 
 3.00000000e+01  1.00000000e-01 -1.00000000e-01  0.00000000e+00  0.00000000e+00  0.00000000e+00  2.31024836e-07 -2.53513919e-09 -2.28489687e-07 -9.86789188e-15 
 3.00000000e+01  1.10000000e-01 -1.10000000e-01  0.00000000e+00  0.00000000e+00  0.00000000e+00  2.38612743e-07 -2.93461053e-09 -2.35678122e-07 -9.95382072e-15 
 3.00000000e+01  1.20000000e-01 -1.20000000e-01  0.00000000e+00  0.00000000e+00  0.00000000e+00  2.46042322e-07 -3.36437899e-09 -2.42677933e-07 -1.00187598e-14 
 3.00000000e+01  1.30000000e-01 -1.30000000e-01  0.00000000e+00  0.00000000e+00  0.00000000e+00  2.53412336e-07 -3.82546256e-09 -2.49586863e-07 -1.00696836e-14 
 3.00000000e+01  1.40000000e-01 -1.40000000e-01  0.00000000e+00  0.00000000e+00  0.00000000e+00  2.60788097e-07 -4.31890484e-09 -2.56469182e-07 -1.01113558e-14 
 3.00000000e+01  1.50000000e-01 -1.50000000e-01  0.00000000e+00  0.00000000e+00  0.00000000e+00  2.68214635e-07 -4.84577559e-09 -2.63368849e-07 -1.01470332e-14 
 3.00000000e+01  1.60000000e-01 -1.60000000e-01  0.00000000e+00  0.00000000e+00  0.00000000e+00  2.75724297e-07 -5.40717135e-09 -2.70317116e-07 -1.01789449e-14 
 3.00000000e+01  1.70000000e-01 -1.70000000e-01  0.00000000e+00  0.00000000e+00  0.00000000e+00  2.83341272e-07 -6.00421598e-09 -2.77337045e-07 -1.02086196e-14 
 3.00000000e+01  1.80000000e-01 -1.80000000e-01  0.00000000e+00  0.00000000e+00  0.00000000e+00  2.91084350e-07 -6.63806129e-09 -2.84446279e-07 -1.02371089e-14 
 3.00000000e+01  1.90000000e-01 -1.90000000e-01  0.00000000e+00  0.00000000e+00  0.00000000e+00  2.98968671e-07 -7.30988766e-09 -2.91658773e-07 -1.02651394e-14 
 3.00000000e+01  2.00000000e-01 -2.00000000e-01  0.00000000e+00  0.00000000e+00  0.00000000e+00  3.07006844e-07 -8.02090461e-09 -2.98985930e-07 -1.02932166e-14 
 3.00000000e+01  2.10000000e-01 -2.10000000e-01  0.00000000e+00  0.00000000e+00  0.00000000e+00  3.15209702e-07 -8.77235151e-09 -3.06437340e-07 -1.03216954e-14 
 3.00000000e+01  2.20000000e-01 -2.20000000e-01  0.00000000e+00  0.00000000e+00  0.00000000e+00  3.23586802e-07 -9.56549817e-09 -3.14021294e-07 -1.03508287e-14 
 3.00000000e+01  2.30000000e-01 -2.30000000e-01  0.00000000e+00  0.00000000e+00  0.00000000e+00  3.32146788e-07 -1.04016455e-08 -3.21745132e-07 -1.03808000e-14 
 3.00000000e+01  2.40000000e-01 -2.40000000e-01  0.00000000e+00  0.00000000e+00  0.00000000e+00  3.40897632e-07 -1.12821262e-08 -3.29615495e-07 -1.04117460e-14 
 3.00000000e+01  2.50000000e-01 -2.50000000e-01  0.00000000e+00  0.00000000e+00  0.00000000e+00  3.49846820e-07 -1.22083055e-08 -3.37638504e-07 -1.04437719e-14 
 3.00000000e+01  2.60000000e-01 -2.60000000e-01  0.00000000e+00  0.00000000e+00  0.00000000e+00  3.59001484e-07 -1.31815816e-08 -3.45819892e-07 -1.04769618e-14 
 3.00000000e+01  2.70000000e-01 -2.70000000e-01  0.00000000e+00  0.00000000e+00  0.00000000e+00  3.68368499e-07 -1.42033868e-08 -3.54165101e-07 -1.05113857e-14 
 3.00000000e+01  2.80000000e-01 -2.80000000e-01  0.00000000e+00  0.00000000e+00  0.00000000e+00  3.77954559e-07 -1.52751878e-08 -3.62679361e-07 -1.05471044e-14 
 3.00000000e+01  2.90000000e-01 -2.90000000e-01  0.00000000e+00  0.00000000e+00  0.00000000e+00  3.87766238e-07 -1.63984869e-08 -3.71367740e-07 -1.05841730e-14 
 3.00000000e+01  3.00000000e-01 -3.00000000e-01  0.00000000e+00  0.00000000e+00  0.00000000e+00  3.97810029e-07 -1.75748221e-08 -3.80235196e-07 -1.06226429e-14 
 3.00000000e+01  3.10000000e-01 -3.10000000e-01  0.00000000e+00  0.00000000e+00  0.00000000e+00  4.08092387e-07 -1.88057685e-08 -3.89286607e-07 -1.06625634e-14 
 3.00000000e+01  3.20000000e-01 -3.20000000e-01  0.00000000e+00  0.00000000e+00  0.00000000e+00  4.18619750e-07 -2.00929389e-08 -3.98526801e-07 -1.07039830e-14 
 3.00000000e+01  3.30000000e-01 -3.30000000e-01  0.00000000e+00  0.00000000e+00  0.00000000e+00  4.29398570e-07 -2.14379842e-08 -4.07960575e-07 -1.07469498e-14 
 3.00000000e+01  3.40000000e-01 -3.40000000e-01  0.00000000e+00  0.00000000e+00  0.00000000e+00  4.40435326e-07 -2.28425949e-08 -4.17592721e-07 -1.07915121e-14 
 3.00000000e+01  3.50000000e-01 -3.50000000e-01  0.00000000e+00  0.00000000e+00  0.00000000e+00  4.51736543e-07 -2.43085012e-08 -4.27428031e-07 -1.08377188e-14 
 3.00000000e+01  3.60000000e-01 -3.60000000e-01  0.00000000e+00  0.00000000e+00  0.00000000e+00  4.63308804e-07 -2.58374746e-08 -4.37471319e-07 -1.08856198e-14 
 3.00000000e+01  3.70000000e-01 -3.70000000e-01  0.00000000e+00  0.00000000e+00  0.00000000e+00  4.75158763e-07 -2.74313281e-08 -4.47727424e-07 -1.09352659e-14 
 3.00000000e+01  3.80000000e-01 -3.80000000e-01  0.00000000e+00  0.00000000e+00  0.00000000e+00  4.87293153e-07 -2.90919173e-08 -4.58201225e-07 -1.09867090e-14 
 3.00000000e+01  3.90000000e-01 -3.90000000e-01  0.00000000e+00  0.00000000e+00  0.00000000e+00  4.99718797e-07 -3.08211415e-08 -4.68897645e-07 -1.10400024e-14 
 3.00000000e+01  4.00000000e-01 -4.00000000e-01  0.00000000e+00  0.00000000e+00  0.00000000e+00  5.12442614e-07 -3.26209443e-08 -4.79821658e-07 -1.10952004e-14 
 3.00000000e+01  4.10000000e-01 -4.10000000e-01  0.00000000e+00  0.00000000e+00  0.00000000e+00  5.25471625e-07 -3.44933148e-08 -4.90978299e-07 -1.11523590e-14 
 3.00000000e+01  4.20000000e-01 -4.20000000e-01  0.00000000e+00  0.00000000e+00  0.00000000e+00  5.38812962e-07 -3.64402884e-08 -5.02372662e-07 -1.12115355e-14 
 3.00000000e+01  4.30000000e-01 -4.30000000e-01  0.00000000e+00  0.00000000e+00  0.00000000e+00  5.52473872e-07 -3.84639477e-08 -5.14009913e-07 -1.12727886e-14 
 3.00000000e+01  4.40000000e-01 -4.40000000e-01  0.00000000e+00  0.00000000e+00  0.00000000e+00  5.66461721e-07 -4.05664235e-08 -5.25895286e-07 -1.13361786e-14 
 3.00000000e+01  4.50000000e-01 -4.50000000e-01  0.00000000e+00  0.00000000e+00  0.00000000e+00  5.80784002e-07 -4.27498961e-08 -5.38034095e-07 -1.14017674e-14 
 3.00000000e+01  4.60000000e-01 -4.60000000e-01  0.00000000e+00  0.00000000e+00  0.00000000e+00  5.95448338e-07 -4.50165958e-08 -5.50431731e-07 -1.14696184e-14 
 3.00000000e+01  4.70000000e-01 -4.70000000e-01  0.00000000e+00  0.00000000e+00  0.00000000e+00  6.10462484e-07 -4.73688046e-08 -5.63093668e-07 -1.15397965e-14 
 3.00000000e+01  4.80000000e-01 -4.80000000e-01  0.00000000e+00  0.00000000e+00  0.00000000e+00  6.25834335e-07 -4.98088564e-08 -5.76025467e-07 -1.16123686e-14 
 3.00000000e+01  4.90000000e-01 -4.90000000e-01  0.00000000e+00  0.00000000e+00  0.00000000e+00  6.41571930e-07 -5.23391390e-08 -5.89232779e-07 -1.16874030e-14 
 3.00000000e+01  5.00000000e-01 -5.00000000e-01  0.00000000e+00  0.00000000e+00  0.00000000e+00  6.57683452e-07 -5.49620945e-08 -6.02721345e-07 -1.17649698e-14 
 3.00000000e+01  5.10000000e-01 -5.10000000e-01  0.00000000e+00  0.00000000e+00  0.00000000e+00  6.74177234e-07 -5.76802208e-08 -6.16497001e-07 -1.18451410e-14 
 3.00000000e+01  5.20000000e-01 -5.20000000e-01  0.00000000e+00  0.00000000e+00  0.00000000e+00  6.91061766e-07 -6.04960727e-08 -6.30565681e-07 -1.19279903e-14 
 3.00000000e+01  5.30000000e-01 -5.30000000e-01  0.00000000e+00  0.00000000e+00  0.00000000e+00  7.08345692e-07 -6.34122628e-08 -6.44933417e-07 -1.20135932e-14 
 3.00000000e+01  5.40000000e-01 -5.40000000e-01  0.00000000e+00  0.00000000e+00  0.00000000e+00  7.26037819e-07 -6.64314631e-08 -6.59606344e-07 -1.21020271e-14 
 3.00000000e+01  5.50000000e-01 -5.50000000e-01  0.00000000e+00  0.00000000e+00  0.00000000e+00  7.44147120e-07 -6.95564060e-08 -6.74590702e-07 -1.21933715e-14 
 3.00000000e+01  5.60000000e-01 -5.60000000e-01  0.00000000e+00  0.00000000e+00  0.00000000e+00  7.62682734e-07 -7.27898854e-08 -6.89892836e-07 -1.22877077e-14 
 3.00000000e+01  5.70000000e-01 -5.70000000e-01  0.00000000e+00  0.00000000e+00  0.00000000e+00  7.81653973e-07 -7.61347580e-08 -7.05519202e-07 -1.23851190e-14 
 3.00000000e+01  5.80000000e-01 -5.80000000e-01  0.00000000e+00  0.00000000e+00  0.00000000e+00  8.01070323e-07 -7.95939451e-08 -7.21476366e-07 -1.24856909e-14 
 3.00000000e+01  5.90000000e-01 -5.90000000e-01  0.00000000e+00  0.00000000e+00  0.00000000e+00  8.20941452e-07 -8.31704331e-08 -7.37771006e-07 -1.25895109e-14 
 3.00000000e+01  6.00000000e-01 -6.00000000e-01  0.00000000e+00  0.00000000e+00  0.00000000e+00  8.41277208e-07 -8.68672753e-08 -7.54409920e-07 -1.26966686e-14 
 3.00000000e+01  6.10000000e-01 -6.10000000e-01  0.00000000e+00  0.00000000e+00  0.00000000e+00  8.62087625e-07 -9.06875933e-08 -7.71400019e-07 -1.28072559e-14 
 3.00000000e+01  6.20000000e-01 -6.20000000e-01  0.00000000e+00  0.00000000e+00  0.00000000e+00  8.83382929e-07 -9.46345781e-08 -7.88748338e-07 -1.29213667e-14 
 3.00000000e+01  6.30000000e-01 -6.30000000e-01  0.00000000e+00  0.00000000e+00  0.00000000e+00  9.05173536e-07 -9.87114919e-08 -8.06462031e-07 -1.30390975e-14 
 3.00000000e+01  6.40000000e-01 -6.40000000e-01  0.00000000e+00  0.00000000e+00  0.00000000e+00  9.27470061e-07 -1.02921669e-07 -8.24548379e-07 -1.31605470e-14 
 3.00000000e+01  6.50000000e-01 -6.50000000e-01  0.00000000e+00  0.00000000e+00  0.00000000e+00  9.50283319e-07 -1.07268518e-07 -8.43014788e-07 -1.32858161e-14 
 3.00000000e+01  6.60000000e-01 -6.60000000e-01  0.00000000e+00  0.00000000e+00  0.00000000e+00  9.73624330e-07 -1.11755522e-07 -8.61868795e-07 -1.34150083e-14 
 3.00000000e+01  6.70000000e-01 -6.70000000e-01  0.00000000e+00  0.00000000e+00  0.00000000e+00  9.97504321e-07 -1.16386241e-07 -8.81118066e-07 -1.35482296e-14 
 3.00000000e+01  6.80000000e-01 -6.80000000e-01  0.00000000e+00  0.00000000e+00  0.00000000e+00  1.02193473e-06 -1.21164316e-07 -9.00770402e-07 -1.36855884e-14 
 3.00000000e+01  6.90000000e-01 -6.90000000e-01  0.00000000e+00  0.00000000e+00  0.00000000e+00  1.04692722e-06 -1.26093465e-07 -9.20833739e-07 -1.38271957e-14 
 3.00000000e+01  7.00000000e-01 -7.00000000e-01  0.00000000e+00  0.00000000e+00  0.00000000e+00  1.07249365e-06 -1.31177487e-07 -9.41316151e-07 -1.39731653e-14 
 3.00000000e+01  7.10000000e-01 -7.10000000e-01  0.00000000e+00  0.00000000e+00  0.00000000e+00  1.09864614e-06 -1.36420268e-07 -9.62225853e-07 -1.41236134e-14 
 3.00000000e+01  7.20000000e-01 -7.20000000e-01  0.00000000e+00  0.00000000e+00  0.00000000e+00  1.12539699e-06 -1.41825776e-07 -9.83571203e-07 -1.42786592e-14 
 3.00000000e+01  7.30000000e-01 -7.30000000e-01  0.00000000e+00  0.00000000e+00  0.00000000e+00  1.15275879e-06 -1.47398066e-07 -1.00536070e-06 -1.44384244e-14 
 3.00000000e+01  7.40000000e-01 -7.40000000e-01  0.00000000e+00  0.00000000e+00  0.00000000e+00  1.18074431e-06 -1.53141282e-07 -1.02760301e-06 -1.46030340e-14 
 3.00000000e+01  7.50000000e-01 -7.50000000e-01  0.00000000e+00  0.00000000e+00  0.00000000e+00  1.20936659e-06 -1.59059658e-07 -1.05030692e-06 -1.47726153e-14 
 3.00000000e+01  7.60000000e-01 -7.60000000e-01  0.00000000e+00  0.00000000e+00  0.00000000e+00  1.23863892e-06 -1.65157520e-07 -1.07348138e-06 -1.49472992e-14 
 3.00000000e+01  7.70000000e-01 -7.70000000e-01  0.00000000e+00  0.00000000e+00  0.00000000e+00  1.26857482e-06 -1.71439286e-07 -1.09713552e-06 -1.51272191e-14 
 3.00000000e+01  7.80000000e-01 -7.80000000e-01  0.00000000e+00  0.00000000e+00  0.00000000e+00  1.29918809e-06 -1.77909472e-07 -1.12127860e-06 -1.53125117e-14 
 3.00000000e+01  7.90000000e-01 -7.90000000e-01  0.00000000e+00  0.00000000e+00  0.00000000e+00  1.33049276e-06 -1.84572690e-07 -1.14592006e-06 -1.55033170e-14 
 3.00000000e+01  8.00000000e-01 -8.00000000e-01  0.00000000e+00  0.00000000e+00  0.00000000e+00  1.36250315e-06 -1.91433653e-07 -1.17106948e-06 -1.56997779e-14 
 3.00000000e+01  8.10000000e-01 -8.10000000e-01  0.00000000e+00  0.00000000e+00  0.00000000e+00  1.39523383e-06 -1.98497174e-07 -1.19673664e-06 -1.59020408e-14 
 3.00000000e+01  8.20000000e-01 -8.20000000e-01  0.00000000e+00  0.00000000e+00  0.00000000e+00  1.42869965e-06 -2.05768170e-07 -1.22293147e-06 -1.61102553e-14 
 3.00000000e+01  8.30000000e-01 -8.30000000e-01  0.00000000e+00  0.00000000e+00  0.00000000e+00  1.46291576e-06 -2.13251663e-07 -1.24966408e-06 -1.63245745e-14 
 3.00000000e+01  8.40000000e-01 -8.40000000e-01  0.00000000e+00  0.00000000e+00  0.00000000e+00  1.49789756e-06 -2.20952782e-07 -1.27694476e-06 -1.65451549e-14 
 3.00000000e+01  8.50000000e-01 -8.50000000e-01  0.00000000e+00  0.00000000e+00  0.00000000e+00  1.53366078e-06 -2.28876768e-07 -1.30478399e-06 -1.67721565e-14 
 3.00000000e+01  8.60000000e-01 -8.60000000e-01  0.00000000e+00  0.00000000e+00  0.00000000e+00  1.57022142e-06 -2.37028971e-07 -1.33319243e-06 -1.70057431e-14 
 3.00000000e+01  8.70000000e-01 -8.70000000e-01  0.00000000e+00  0.00000000e+00  0.00000000e+00  1.60759579e-06 -2.45414857e-07 -1.36218091e-06 -1.72460819e-14 
 3.00000000e+01  8.80000000e-01 -8.80000000e-01  0.00000000e+00  0.00000000e+00  0.00000000e+00  1.64580052e-06 -2.54040009e-07 -1.39176050e-06 -1.74933440e-14 
 3.00000000e+01  8.90000000e-01 -8.90000000e-01  0.00000000e+00  0.00000000e+00  0.00000000e+00  1.68485256e-06 -2.62910125e-07 -1.42194242e-06 -1.77477043e-14 
 3.00000000e+01  9.00000000e-01 -9.00000000e-01  0.00000000e+00  0.00000000e+00  0.00000000e+00  1.72476917e-06 -2.72031027e-07 -1.45273812e-06 -1.80093415e-14 
 3.00000000e+01  9.10000000e-01 -9.10000000e-01  0.00000000e+00  0.00000000e+00  0.00000000e+00  1.76556795e-06 -2.81408661e-07 -1.48415927e-06 -1.82784385e-14 
 3.00000000e+01  9.20000000e-01 -9.20000000e-01  0.00000000e+00  0.00000000e+00  0.00000000e+00  1.80726685e-06 -2.91049095e-07 -1.51621773e-06 -1.85551820e-14 
 3.00000000e+01  9.30000000e-01 -9.30000000e-01  0.00000000e+00  0.00000000e+00  0.00000000e+00  1.84988414e-06 -3.00958528e-07 -1.54892559e-06 -1.88397651e-14 
 3.00000000e+01  9.40000000e-01 -9.40000000e-01  0.00000000e+00  0.00000000e+00  0.00000000e+00  1.89343849e-06 -3.11143289e-07 -1.58229518e-06 -2.32443936e-14 
 3.00000000e+01  9.50000000e-01 -9.50000000e-01  0.00000000e+00  0.00000000e+00  0.00000000e+00  1.93794890e-06 -3.21609840e-07 -1.61633903e-06 -2.98480956e-14 
 3.00000000e+01  9.60000000e-01 -9.60000000e-01  0.00000000e+00  0.00000000e+00  0.00000000e+00  1.98343475e-06 -3.32364780e-07 -1.65106993e-06 -3.95080215e-14 
 3.00000000e+01  9.70000000e-01 -9.70000000e-01  0.00000000e+00  0.00000000e+00  0.00000000e+00  2.02991582e-06 -3.43414844e-07 -1.68650092e-06 -5.35976832e-14 
 3.00000000e+01  9.80000000e-01 -9.80000000e-01  0.00000000e+00  0.00000000e+00  0.00000000e+00  2.07741227e-06 -3.54766911e-07 -1.72264528e-06 -7.44169749e-14 
 3.00000000e+01  9.90000000e-01 -9.90000000e-01  0.00000000e+00  0.00000000e+00  0.00000000e+00  2.12594468e-06 -3.66428002e-07 -1.75951657e-06 -1.07005286e-13 
 3.00000000e+01  1.00000000e+00 -1.00000000e+00  0.00000000e+00  0.00000000e+00  0.00000000e+00  2.17553403e-06 -3.78405285e-07 -1.79712858e-06 -1.65641366e-13 
 3.00000000e+01  1.01000000e+00 -1.01000000e+00  0.00000000e+00  0.00000000e+00  0.00000000e+00  2.22620180e-06 -3.90706078e-07 -1.83549542e-06 -2.94572474e-13 
 3.00000000e+01  1.02000000e+00 -1.02000000e+00  0.00000000e+00  0.00000000e+00  0.00000000e+00  2.27796995e-06 -4.03337852e-07 -1.87463147e-06 -6.26350757e-13 
 3.00000000e+01  1.03000000e+00 -1.03000000e+00  0.00000000e+00  0.00000000e+00  0.00000000e+00  2.33086115e-06 -4.16308232e-07 -1.91455139e-06 -1.52815450e-12 
 3.00000000e+01  1.04000000e+00 -1.04000000e+00  0.00000000e+00  0.00000000e+00  0.00000000e+00  2.38489909e-06 -4.29625002e-07 -1.95527016e-06 -3.93317226e-12 
 3.00000000e+01  1.05000000e+00 -1.05000000e+00  0.00000000e+00  0.00000000e+00  0.00000000e+00  2.44010922e-06 -4.43296108e-07 -1.99680308e-06 -1.00266758e-11 
 3.00000000e+01  1.06000000e+00 -1.06000000e+00  0.00000000e+00  0.00000000e+00  0.00000000e+00  2.49651999e-06 -4.57329660e-07 -2.03916577e-06 -2.45586813e-11 
 3.00000000e+01  1.07000000e+00 -1.07000000e+00  0.00000000e+00  0.00000000e+00  0.00000000e+00  2.55416532e-06 -4.71733937e-07 -2.08237419e-06 -5.71869107e-11 
 3.00000000e+01  1.08000000e+00 -1.08000000e+00  0.00000000e+00  0.00000000e+00  0.00000000e+00  2.61308846e-06 -4.86517387e-07 -2.12644466e-06 -1.26409761e-10 
 3.00000000e+01  1.09000000e+00 -1.09000000e+00  0.00000000e+00  0.00000000e+00  0.00000000e+00  2.67334830e-06 -5.01688634e-07 -2.17139384e-06 -2.65818555e-10 
 3.00000000e+01  1.10000000e+00 -1.10000000e+00  0.00000000e+00  0.00000000e+00  0.00000000e+00  2.73502885e-06 -5.17256479e-07 -2.21723880e-06 -5.33566713e-10 
 3.00000000e+01  1.11000000e+00 -1.11000000e+00  0.00000000e+00  0.00000000e+00  0.00000000e+00  2.79825301e-06 -5.33229905e-07 -2.26399700e-06 -1.02610356e-09 
 3.00000000e+01  1.12000000e+00 -1.12000000e+00  0.00000000e+00  0.00000000e+00  0.00000000e+00  2.86320171e-06 -5.49618078e-07 -2.31168629e-06 -1.89733526e-09 
 3.00000000e+01  1.13000000e+00 -1.13000000e+00  0.00000000e+00  0.00000000e+00  0.00000000e+00  2.93013979e-06 -5.66430354e-07 -2.36032500e-06 -3.38444015e-09 
 3.00000000e+01  1.14000000e+00 -1.14000000e+00  0.00000000e+00  0.00000000e+00  0.00000000e+00  2.99944972e-06 -5.83676279e-07 -2.40993187e-06 -5.84156989e-09 
 3.00000000e+01  1.15000000e+00 -1.15000000e+00  0.00000000e+00  0.00000000e+00  0.00000000e+00  3.07167437e-06 -6.01365596e-07 -2.46052617e-06 -9.78260600e-09 
 3.00000000e+01  1.16000000e+00 -1.16000000e+00  0.00000000e+00  0.00000000e+00  0.00000000e+00  3.14756990e-06 -6.19508245e-07 -2.51212764e-06 -1.59340135e-08 
 3.00000000e+01  1.17000000e+00 -1.17000000e+00  0.00000000e+00  0.00000000e+00  0.00000000e+00  3.22816962e-06 -6.38114373e-07 -2.56475661e-06 -2.52986453e-08 
 3.00000000e+01  1.18000000e+00 -1.18000000e+00  0.00000000e+00  0.00000000e+00  0.00000000e+00  3.31485939e-06 -6.57194329e-07 -2.61843395e-06 -3.92311111e-08 
 3.00000000e+01  1.19000000e+00 -1.19000000e+00  0.00000000e+00  0.00000000e+00  0.00000000e+00  3.40946490e-06 -6.76758676e-07 -2.67318118e-06 -5.95250471e-08 
 3.00000000e+01  1.20000000e+00 -1.20000000e+00  0.00000000e+00  0.00000000e+00  0.00000000e+00  3.51435101e-06 -6.96818191e-07 -2.72902049e-06 -8.85123220e-08 
