 3.00000000e+01  1.00000000e-02  1.00000000e-02  0.00000000e+00  1.00000000e-02  1.00000000e-02 -1.26642023e-10  2.53285706e-10 -1.26642023e-10 -1.66002195e-15 
 3.00000000e+01  2.00000000e-02  2.00000000e-02  0.00000000e+00  2.00000000e-02  2.00000000e-02 -2.33425016e-10  4.66853413e-10 -2.33425016e-10 -3.38168079e-15 
 3.00000000e+01  3.00000000e-02  3.00000000e-02  0.00000000e+00  3.00000000e-02  3.00000000e-02 -3.21097357e-10  6.42199880e-10 -3.21097357e-10 -5.16589809e-15 
 3.00000000e+01  4.00000000e-02  4.00000000e-02  0.00000000e+00  4.00000000e-02  4.00000000e-02 -3.90397970e-10  7.80802957e-10 -3.90397970e-10 -7.01706488e-15 
 3.00000000e+01  5.00000000e-02  5.00000000e-02  0.00000000e+00  5.00000000e-02  5.00000000e-02 -4.42061917e-10  8.84132772e-10 -4.42061917e-10 -8.93946375e-15 
 3.00000000e+01  6.00000000e-02  6.00000000e-02  0.00000000e+00  6.00000000e-02  6.00000000e-02 -4.76828934e-10  9.53668806e-10 -4.76828934e-10 -1.09393831e-14 
 3.00000000e+01  7.00000000e-02  7.00000000e-02  0.00000000e+00  7.00000000e-02  7.00000000e-02 -4.95456635e-10  9.90926294e-10 -4.95456635e-10 -1.30247375e-14 
 3.00000000e+01  8.00000000e-02  8.00000000e-02  0.00000000e+00  8.00000000e-02  8.00000000e-02 -4.98741233e-10  9.97497671e-10 -4.98741233e-10 -1.52061523e-14 
 3.00000000e+01  9.00000000e-02  9.00000000e-02  0.00000000e+00  9.00000000e-02  9.00000000e-02 -4.87550649e-10  9.75118794e-10 -4.87550649e-10 -1.74970715e-14 
 3.00000000e+01  1.00000000e-01  1.00000000e-01  0.00000000e+00  1.00000000e-01  1.00000000e-01 -4.62878856e-10  9.25777628e-10 -4.62878856e-10 -1.99159265e-14 
 3.00000000e+01  1.10000000e-01  1.10000000e-01  0.00000000e+00  1.10000000e-01  1.10000000e-01 -4.25939140e-10  8.51900767e-10 -4.25939140e-10 -2.24872204e-14 
 3.00000000e+01  1.20000000e-01  1.20000000e-01  0.00000000e+00  1.20000000e-01  1.20000000e-01 -3.78337485e-10  7.56700209e-10 -3.78337485e-10 -2.52397929e-14 
 3.00000000e+01  1.30000000e-01  1.30000000e-01  0.00000000e+00  1.30000000e-01  1.30000000e-01 -3.22445252e-10  6.44918713e-10 -3.22445252e-10 -2.82109405e-14 
 3.00000000e+01  1.40000000e-01  1.40000000e-01  0.00000000e+00  1.40000000e-01  1.40000000e-01 -2.62426792e-10  5.24885031e-10 -2.62426792e-10 -3.14479345e-14 
 3.00000000e+01  1.50000000e-01  1.50000000e-01  0.00000000e+00  1.50000000e-01  1.50000000e-01 -2.08329864e-10  4.16694739e-10 -2.08329864e-10 -3.50158270e-14 
 3.00000000e+01  1.60000000e-01  1.60000000e-01  0.00000000e+00  1.60000000e-01  1.60000000e-01 -1.96349467e-10  3.92737910e-10 -1.96349467e-10 -3.89766344e-14 
 3.00000000e+01  1.70000000e-01  1.70000000e-01  0.00000000e+00  1.70000000e-01  1.70000000e-01 -2.92686233e-10  5.85415898e-10 -2.92686233e-10 -4.34335727e-14 
 3.00000000e+01  1.80000000e-01  1.80000000e-01  0.00000000e+00  1.80000000e-01  1.80000000e-01 -4.75676449e-10  9.51401391e-10 -4.75676449e-10 -4.84924600e-14 
 3.00000000e+01  1.90000000e-01  1.90000000e-01  0.00000000e+00  1.90000000e-01  1.90000000e-01 -7.22027891e-10  1.44411008e-09 -7.22027891e-10 -5.42990132e-14 
 3.00000000e+01  2.00000000e-01  2.00000000e-01  0.00000000e+00  2.00000000e-01  2.00000000e-01 -1.03722882e-09  2.07451864e-09 -1.03722882e-09 -6.10110920e-14 
 3.00000000e+01  2.10000000e-01  2.10000000e-01  0.00000000e+00  2.10000000e-01  2.10000000e-01 -1.43558029e-09  2.87122942e-09 -1.43558029e-09 -6.88407664e-14 
 3.00000000e+01  2.20000000e-01  2.20000000e-01  0.00000000e+00  2.20000000e-01  2.20000000e-01 -1.93465545e-09  3.86938893e-09 -1.93465545e-09 -7.80382703e-14 
 3.00000000e+01  2.30000000e-01  2.30000000e-01  0.00000000e+00  2.30000000e-01  2.30000000e-01 -2.55243372e-09  5.10495636e-09 -2.55243372e-09 -8.89115170e-14 
 3.00000000e+01  2.40000000e-01  2.40000000e-01  0.00000000e+00  2.40000000e-01  2.40000000e-01 -3.30469578e-09  6.60949338e-09 -3.30469578e-09 -1.01826533e-13 
 3.00000000e+01  2.50000000e-01  2.50000000e-01  0.00000000e+00  2.50000000e-01  2.50000000e-01 -4.20301653e-09  8.40615030e-09 -4.20301653e-09 -1.17236949e-13 
 3.00000000e+01  2.60000000e-01  2.60000000e-01  0.00000000e+00  2.60000000e-01  2.60000000e-01 -5.25401927e-09  1.05081742e-08 -5.25401927e-09 -1.35684866e-13 
 3.00000000e+01  2.70000000e-01  2.70000000e-01  0.00000000e+00  2.70000000e-01  2.70000000e-01 -6.46001785e-09  1.29201935e-08 -6.46001785e-09 -1.57840754e-13 
 3.00000000e+01  2.80000000e-01  2.80000000e-01  0.00000000e+00  2.80000000e-01  2.80000000e-01 -7.82052231e-09  1.56412291e-08 -7.82052231e-09 -1.84496515e-13 
 3.00000000e+01  2.90000000e-01  2.90000000e-01  0.00000000e+00  2.90000000e-01  2.90000000e-01 -9.33386693e-09  1.86679505e-08 -9.33386693e-09 -2.16634870e-13 
 3.00000000e+01  3.00000000e-01  3.00000000e-01  0.00000000e+00  3.00000000e-01  3.00000000e-01 -1.09984558e-08  2.19971670e-08 -1.09984558e-08 -2.55425021e-13 
 3.00000000e+01  3.10000000e-01  3.10000000e-01  0.00000000e+00  3.10000000e-01  3.10000000e-01 -1.28134816e-08  2.56272656e-08 -1.28134816e-08 -3.02281637e-13 
 3.00000000e+01  3.20000000e-01  3.20000000e-01  0.00000000e+00  3.20000000e-01  3.20000000e-01 -1.47792093e-08  2.95587775e-08 -1.47792093e-08 -3.58915155e-13 
 3.00000000e+01  3.30000000e-01  3.30000000e-01  0.00000000e+00  3.30000000e-01  3.30000000e-01 -1.68969854e-08  3.37943983e-08 -1.68969854e-08 -4.27383823e-13 
 3.00000000e+01  3.40000000e-01  3.40000000e-01  0.00000000e+00  3.40000000e-01  3.40000000e-01 -1.91691156e-08  3.83387414e-08 -1.91691156e-08 -5.10174368e-13 
 3.00000000e+01  3.50000000e-01  3.50000000e-01  0.00000000e+00  3.50000000e-01  3.50000000e-01 -2.15986980e-08  4.31980062e-08 -2.15986980e-08 -6.10260974e-13 
 3.00000000e+01  3.60000000e-01  3.60000000e-01  0.00000000e+00  3.60000000e-01  3.60000000e-01 -2.41894619e-08  4.83796551e-08 -2.41894619e-08 -7.31224976e-13 
 3.00000000e+01  3.70000000e-01  3.70000000e-01  0.00000000e+00  3.70000000e-01  3.70000000e-01 -2.69456317e-08  5.38921407e-08 -2.69456317e-08 -8.77374562e-13 
 3.00000000e+01  3.80000000e-01  3.80000000e-01  0.00000000e+00  3.80000000e-01  3.80000000e-01 -2.98718193e-08  5.97446925e-08 -2.98718193e-08 -1.05387140e-12 
 3.00000000e+01  3.90000000e-01  3.90000000e-01  0.00000000e+00  3.90000000e-01  3.90000000e-01 -3.29729454e-08  6.59471577e-08 -3.29729454e-08 -1.26691713e-12 
 3.00000000e+01  4.00000000e-01  4.00000000e-01  0.00000000e+00  4.00000000e-01  4.00000000e-01 -3.62541823e-08  7.25098886e-08 -3.62541823e-08 -1.52393896e-12 
 3.00000000e+01  4.10000000e-01  4.10000000e-01  0.00000000e+00  4.10000000e-01  4.10000000e-01 -3.97209153e-08  7.94436645e-08 -3.97209153e-08 -1.83384384e-12 
 3.00000000e+01  4.20000000e-01  4.20000000e-01  0.00000000e+00  4.20000000e-01  4.20000000e-01 -4.33787168e-08  8.67596409e-08 -4.33787168e-08 -2.20729685e-12 
 3.00000000e+01  4.30000000e-01  4.30000000e-01  0.00000000e+00  4.30000000e-01  4.30000000e-01 -4.72333304e-08  9.44693179e-08 -4.72333304e-08 -2.65708636e-12 
 3.00000000e+01  4.40000000e-01  4.40000000e-01  0.00000000e+00  4.40000000e-01  4.40000000e-01 -5.12906616e-08  1.02584522e-07 -5.12906616e-08 -3.19848661e-12 
 3.00000000e+01  4.50000000e-01  4.50000000e-01  0.00000000e+00  4.50000000e-01  4.50000000e-01 -5.55567731e-08  1.11117396e-07 -5.55567731e-08 -3.84981456e-12 
 3.00000000e+01  4.60000000e-01  4.60000000e-01  0.00000000e+00  4.60000000e-01  4.60000000e-01 -6.00378837e-08  1.20080400e-07 -6.00378837e-08 -4.63296589e-12 
 3.00000000e+01  4.70000000e-01  4.70000000e-01  0.00000000e+00  4.70000000e-01  4.70000000e-01 -6.47403688e-08  1.29486312e-07 -6.47403688e-08 -5.57415052e-12 
 3.00000000e+01  4.80000000e-01  4.80000000e-01  0.00000000e+00  4.80000000e-01  4.80000000e-01 -6.96707628e-08  1.39348230e-07 -6.96707628e-08 -6.70467848e-12 
 3.00000000e+01  4.90000000e-01  4.90000000e-01  0.00000000e+00  4.90000000e-01  4.90000000e-01 -7.48357618e-08  1.49679586e-07 -7.48357618e-08 -8.06199378e-12 
 3.00000000e+01  5.00000000e-01  5.00000000e-01  0.00000000e+00  5.00000000e-01  5.00000000e-01 -8.02422274e-08  1.60494146e-07 -8.02422274e-08 -9.69084708e-12 
 3.00000000e+01  5.10000000e-01  5.10000000e-01  0.00000000e+00  5.10000000e-01  5.10000000e-01 -8.58971901e-08  1.71806025e-07 -8.58971901e-08 -1.16447182e-11 
 3.00000000e+01  5.20000000e-01  5.20000000e-01  0.00000000e+00  5.20000000e-01  5.20000000e-01 -9.18078535e-08  1.83629694e-07 -9.18078535e-08 -1.39874726e-11 
 3.00000000e+01  5.30000000e-01  5.30000000e-01  0.00000000e+00  5.30000000e-01  5.30000000e-01 -9.79815977e-08  1.95979991e-07 -9.79815977e-08 -1.67953932e-11 
 3.00000000e+01  5.40000000e-01  5.40000000e-01  0.00000000e+00  5.40000000e-01  5.40000000e-01 -1.04425984e-07  2.08872128e-07 -1.04425984e-07 -2.01595737e-11 
 3.00000000e+01  5.50000000e-01  5.50000000e-01  0.00000000e+00  5.50000000e-01  5.50000000e-01 -1.11148758e-07  2.22321705e-07 -1.11148758e-07 -2.41887534e-11 
 3.00000000e+01  5.60000000e-01  5.60000000e-01  0.00000000e+00  5.60000000e-01  5.60000000e-01 -1.18157854e-07  2.36344721e-07 -1.18157854e-07 -2.90127020e-11 
 3.00000000e+01  5.70000000e-01  5.70000000e-01  0.00000000e+00  5.70000000e-01  5.70000000e-01 -1.25461399e-07  2.50957585e-07 -1.25461399e-07 -3.47862884e-11 
 3.00000000e+01  5.80000000e-01  5.80000000e-01  0.00000000e+00  5.80000000e-01  5.80000000e-01 -1.33067717e-07  2.66177127e-07 -1.33067717e-07 -4.16942401e-11 
 3.00000000e+01  5.90000000e-01  5.90000000e-01  0.00000000e+00  5.90000000e-01  5.90000000e-01 -1.40985329e-07  2.82020615e-07 -1.40985329e-07 -4.99569362e-11 
 3.00000000e+01  6.00000000e-01  6.00000000e-01  0.00000000e+00  6.00000000e-01  6.00000000e-01 -1.49222964e-07  2.98505764e-07 -1.49222964e-07 -5.98371439e-11 
 3.00000000e+01  6.10000000e-01  6.10000000e-01  0.00000000e+00  6.10000000e-01  6.10000000e-01 -1.57789556e-07  3.15650760e-07 -1.57789556e-07 -7.16481839e-11 
 3.00000000e+01  6.20000000e-01  6.20000000e-01  0.00000000e+00  6.20000000e-01  6.20000000e-01 -1.66694253e-07  3.33474270e-07 -1.66694253e-07 -8.57635039e-11 
 3.00000000e+01  6.30000000e-01  6.30000000e-01  0.00000000e+00  6.30000000e-01  6.30000000e-01 -1.75946418e-07  3.51995465e-07 -1.75946418e-07 -1.02628203e-10 
 3.00000000e+01  6.40000000e-01  6.40000000e-01  0.00000000e+00  6.40000000e-01  6.40000000e-01 -1.85555635e-07  3.71234042e-07 -1.85555635e-07 -1.22772638e-10 
 3.00000000e+01  6.50000000e-01  6.50000000e-01  0.00000000e+00  6.50000000e-01  6.50000000e-01 -1.95531710e-07  3.91210249e-07 -1.95531710e-07 -1.46828582e-10 
 3.00000000e+01  6.60000000e-01  6.60000000e-01  0.00000000e+00  6.60000000e-01  6.60000000e-01 -2.05884681e-07  4.11944910e-07 -2.05884681e-07 -1.75548513e-10 
 3.00000000e+01  6.70000000e-01  6.70000000e-01  0.00000000e+00  6.70000000e-01  6.70000000e-01 -2.16624816e-07  4.33459460e-07 -2.16624816e-07 -2.09828455e-10 
 3.00000000e+01  6.80000000e-01  6.80000000e-01  0.00000000e+00  6.80000000e-01  6.80000000e-01 -2.27762621e-07  4.55775978e-07 -2.27762621e-07 -2.50735056e-10 
 3.00000000e+01  6.90000000e-01  6.90000000e-01  0.00000000e+00  6.90000000e-01  6.90000000e-01 -2.39308846e-07  4.78917231e-07 -2.39308846e-07 -2.99537936e-10 
 3.00000000e+01  7.00000000e-01  7.00000000e-01  0.00000000e+00  7.00000000e-01  7.00000000e-01 -2.51274486e-07  5.02906721e-07 -2.51274486e-07 -3.57747748e-10 
 3.00000000e+01  7.10000000e-01  7.10000000e-01  0.00000000e+00  7.10000000e-01  7.10000000e-01 -2.63670788e-07  5.27768738e-07 -2.63670788e-07 -4.27161622e-10 
 3.00000000e+01  7.20000000e-01  7.20000000e-01  0.00000000e+00  7.20000000e-01  7.20000000e-01 -2.76509255e-07  5.53528426e-07 -2.76509255e-07 -5.09916798e-10 
 3.00000000e+01  7.30000000e-01  7.30000000e-01  0.00000000e+00  7.30000000e-01  7.30000000e-01 -2.89801651e-07  5.80211856e-07 -2.89801651e-07 -6.08554318e-10 
 3.00000000e+01  7.40000000e-01  7.40000000e-01  0.00000000e+00  7.40000000e-01  7.40000000e-01 -3.03560008e-07  6.07846110e-07 -3.03560008e-07 -7.26094363e-10 
 3.00000000e+01  7.50000000e-01  7.50000000e-01  0.00000000e+00  7.50000000e-01  7.50000000e-01 -3.17796629e-07  6.36459383e-07 -3.17796629e-07 -8.66125354e-10 
 3.00000000e+01  7.60000000e-01  7.60000000e-01  0.00000000e+00  7.60000000e-01  7.60000000e-01 -3.32524094e-07  6.66081098e-07 -3.32524094e-07 -1.03290945e-09 
 3.00000000e+01  7.70000000e-01  7.70000000e-01  0.00000000e+00  7.70000000e-01  7.70000000e-01 -3.47755267e-07  6.96742041e-07 -3.47755267e-07 -1.23150697e-09 
 3.00000000e+01  7.80000000e-01  7.80000000e-01  0.00000000e+00  7.80000000e-01  7.80000000e-01 -3.63503298e-07  7.28474520e-07 -3.63503298e-07 -1.46792332e-09 
 3.00000000e+01  7.90000000e-01  7.90000000e-01  0.00000000e+00  7.90000000e-01  7.90000000e-01 -3.79781634e-07  7.61312550e-07 -3.79781634e-07 -1.74928221e-09 
 3.00000000e+01  8.00000000e-01  8.00000000e-01  0.00000000e+00  8.00000000e-01  8.00000000e-01 -3.96604019e-07  7.95292068e-07 -3.96604019e-07 -2.08402964e-09 
 3.00000000e+01  8.10000000e-01  8.10000000e-01  0.00000000e+00  8.10000000e-01  8.10000000e-01 -4.13984505e-07  8.30451183e-07 -4.13984505e-07 -2.48217367e-09 
 3.00000000e+01  8.20000000e-01  8.20000000e-01  0.00000000e+00  8.20000000e-01  8.20000000e-01 -4.31937454e-07  8.66830474e-07 -4.31937454e-07 -2.95556602e-09 
 3.00000000e+01  8.30000000e-01  8.30000000e-01  0.00000000e+00  8.30000000e-01  8.30000000e-01 -4.50477548e-07  9.04473329e-07 -4.50477548e-07 -3.51823210e-09 
 3.00000000e+01  8.40000000e-01  8.40000000e-01  0.00000000e+00  8.40000000e-01  8.40000000e-01 -4.69619794e-07  9.43426345e-07 -4.69619794e-07 -4.18675707e-09 
 3.00000000e+01  8.50000000e-01  8.50000000e-01  0.00000000e+00  8.50000000e-01  8.50000000e-01 -4.89379527e-07  9.83739791e-07 -4.89379527e-07 -4.98073648e-09 
 3.00000000e+01  8.60000000e-01  8.60000000e-01  0.00000000e+00  8.60000000e-01  8.60000000e-01 -5.09772423e-07  1.02546815e-06 -5.09772423e-07 -5.92330097e-09 
 3.00000000e+01  8.70000000e-01  8.70000000e-01  0.00000000e+00  8.70000000e-01  8.70000000e-01 -5.30814501e-07  1.06867073e-06 -5.30814501e-07 -7.04172555e-09 
 3.00000000e+01  8.80000000e-01  8.80000000e-01  0.00000000e+00  8.80000000e-01  8.80000000e-01 -5.52522130e-07  1.11341239e-06 -5.52522130e-07 -8.36813461e-09 
 3.00000000e+01  8.90000000e-01  8.90000000e-01  0.00000000e+00  8.90000000e-01  8.90000000e-01 -5.74912039e-07  1.15976439e-06 -5.74912039e-07 -9.94031499e-09 
 3.00000000e+01  9.00000000e-01  9.00000000e-01  0.00000000e+00  9.00000000e-01  9.00000000e-01 -5.98001321e-07  1.20780529e-06 -5.98001321e-07 -1.18026499e-08 
 3.00000000e+01  9.10000000e-01  9.10000000e-01  0.00000000e+00  9.10000000e-01  9.10000000e-01 -6.21807444e-07  1.25762207e-06 -6.21807444e-07 -1.40071861e-08 
 3.00000000e+01  9.20000000e-01  9.20000000e-01  0.00000000e+00  9.20000000e-01  9.20000000e-01 -6.46348252e-07  1.30931135e-06 -6.46348252e-07 -1.66148472e-08 
 3.00000000e+01  9.30000000e-01  9.30000000e-01  0.00000000e+00  9.30000000e-01  9.30000000e-01 -6.71641980e-07  1.36298077e-06 -6.71641980e-07 -1.96968053e-08 
 3.00000000e+01  9.40000000e-01  9.40000000e-01  0.00000000e+00  9.40000000e-01  9.40000000e-01 -6.97707256e-07  1.41875053e-06 -6.97707256e-07 -2.33360194e-08 
 3.00000000e+01  9.50000000e-01  9.50000000e-01  0.00000000e+00  9.50000000e-01  9.50000000e-01 -7.24563112e-07  1.47675517e-06 -7.24563112e-07 -2.76289481e-08 
 3.00000000e+01  9.60000000e-01  9.60000000e-01  0.00000000e+00  9.60000000e-01  9.60000000e-01 -7.52228990e-07  1.53714542e-06 -7.52228990e-07 -3.26874396e-08 
 3.00000000e+01  9.70000000e-01  9.70000000e-01  0.00000000e+00  9.70000000e-01  9.70000000e-01 -7.80724751e-07  1.60009030e-06 -7.80724751e-07 -3.86407929e-08 
 3.00000000e+01  9.80000000e-01  9.80000000e-01  0.00000000e+00  9.80000000e-01  9.80000000e-01 -8.10070684e-07  1.66577935e-06 -8.10070684e-07 -4.56379822e-08 
 3.00000000e+01  9.90000000e-01  9.90000000e-01  0.00000000e+00  9.90000000e-01  9.90000000e-01 -8.40287511e-07  1.73442504e-06 -8.40287511e-07 -5.38500187e-08 
 3.00000000e+01  1.00000000e+00  1.00000000e+00  0.00000000e+00  1.00000000e+00  1.00000000e+00 -8.71396401e-07  1.80626522e-06 -8.71396401e-07 -6.34724220e-08 
 3.00000000e+01  1.01000000e+00  1.01000000e+00  0.00000000e+00  1.01000000e+00  1.01000000e+00 -9.03418972e-07  1.88156569e-06 -9.03418972e-07 -7.47277498e-08 
 3.00000000e+01  1.02000000e+00  1.02000000e+00  0.00000000e+00  1.02000000e+00  1.02000000e+00 -9.36377306e-07  1.96062274e-06 -9.36377306e-07 -8.78681310e-08 
 3.00000000e+01  1.03000000e+00  1.03000000e+00  0.00000000e+00  1.03000000e+00  1.03000000e+00 -9.70293953e-07  2.04376563e-06 -9.70293953e-07 -1.03177725e-07 
 3.00000000e+01  1.04000000e+00  1.04000000e+00  0.00000000e+00  1.04000000e+00  1.04000000e+00 -1.00519194e-06  2.13135891e-06 -1.00519194e-06 -1.20975024e-07 
 3.00000000e+01  1.05000000e+00  1.05000000e+00  0.00000000e+00  1.05000000e+00  1.05000000e+00 -1.04109480e-06  2.22380449e-06 -1.04109480e-06 -1.41614901e-07 
 3.00000000e+01  1.06000000e+00  1.06000000e+00  0.00000000e+00  1.06000000e+00  1.06000000e+00 -1.07802652e-06  2.32154336e-06 -1.07802652e-06 -1.65490307e-07 
 3.00000000e+01  1.07000000e+00  1.07000000e+00  0.00000000e+00  1.07000000e+00  1.07000000e+00 -1.11601165e-06  2.42505683e-06 -1.11601165e-06 -1.93033526e-07 
 3.00000000e+01  1.08000000e+00  1.08000000e+00  0.00000000e+00  1.08000000e+00  1.08000000e+00 -1.15507522e-06  2.53486734e-06 -1.15507522e-06 -2.24716897e-07 
 3.00000000e+01  1.09000000e+00  1.09000000e+00  0.00000000e+00  1.09000000e+00  1.09000000e+00 -1.19524280e-06  2.65153855e-06 -1.19524280e-06 -2.61052953e-07 
 3.00000000e+01  1.10000000e+00  1.10000000e+00  0.00000000e+00  1.10000000e+00  1.10000000e+00 -1.23654048e-06  2.77567492e-06 -1.23654048e-06 -3.02593951e-07 
 3.00000000e+01  1.11000000e+00  1.11000000e+00  0.00000000e+00  1.11000000e+00  1.11000000e+00 -1.27899493e-06  2.90792065e-06 -1.27899493e-06 -3.49930797e-07 
 3.00000000e+01  1.12000000e+00  1.12000000e+00  0.00000000e+00  1.12000000e+00  1.12000000e+00 -1.32263334e-06  3.04895812e-06 -1.32263334e-06 -4.03691437e-07 
 3.00000000e+01  1.13000000e+00  1.13000000e+00  0.00000000e+00  1.13000000e+00  1.13000000e+00 -1.36748350e-06  3.19950583e-06 -1.36748350e-06 -4.64538821e-07 
 3.00000000e+01  1.14000000e+00  1.14000000e+00  0.00000000e+00  1.14000000e+00  1.14000000e+00 -1.41357376e-06  3.36031611e-06 -1.41357376e-06 -5.33168579e-07 
 3.00000000e+01  1.15000000e+00  1.15000000e+00  0.00000000e+00  1.15000000e+00  1.15000000e+00 -1.46093307e-06  3.53217274e-06 -1.46093307e-06 -6.10306598e-07 
 3.00000000e+01  1.16000000e+00  1.16000000e+00  0.00000000e+00  1.16000000e+00  1.16000000e+00 -1.50959098e-06  3.71588864e-06 -1.50959098e-06 -6.96706691e-07 
 3.00000000e+01  1.17000000e+00  1.17000000e+00  0.00000000e+00  1.17000000e+00  1.17000000e+00 -1.55957763e-06  3.91230383e-06 -1.55957763e-06 -7.93148561e-07 
 3.00000000e+01  1.18000000e+00  1.18000000e+00  0.00000000e+00  1.18000000e+00  1.18000000e+00 -1.61092383e-06  4.12228390e-06 -1.61092383e-06 -9.00436234e-07 
 3.00000000e+01  1.19000000e+00  1.19000000e+00  0.00000000e+00  1.19000000e+00  1.19000000e+00 -1.66366100e-06  4.34671910e-06 -1.66366100e-06 -1.01939710e-06 
 3.00000000e+01  1.20000000e+00  1.20000000e+00  0.00000000e+00  1.20000000e+00  1.20000000e+00 -1.71782120e-06  4.58652409e-06 -1.71782120e-06 -1.15088170e-06 
