 v-sweep         V(drain)        V(gate)         V(source)       V(body)         I(Vd)           I(Vg)           I(Vs)           I(Vb)          
 0.00000000e+00  0.00000000e+00  0.00000000e+00  0.00000000e+00  0.00000000e+00 -1.79595496e-20  2.72936239e-19 -1.79595496e-20 -2.37017140e-19 
 5.00000000e-02  0.00000000e+00  5.00000000e-02  0.00000000e+00  0.00000000e+00  6.28449160e-11 -1.25691329e-10  6.28449160e-11  1.49711143e-15 
 1.00000000e-01  0.00000000e+00  1.00000000e-01  0.00000000e+00  0.00000000e+00  6.32589731e-11 -1.26521217e-10  6.32589731e-11  3.27108808e-15 
 1.50000000e-01  0.00000000e+00  1.50000000e-01  0.00000000e+00  0.00000000e+00  2.07707206e-11 -4.15468215e-11  2.07707206e-11  5.37827770e-15 
 2.00000000e-01  0.00000000e+00  2.00000000e-01  0.00000000e+00  0.00000000e+00  8.09534843e-11 -1.61914947e-10  8.09534843e-11  7.98293102e-15 
 2.50000000e-01  0.00000000e+00  2.50000000e-01  0.00000000e+00  0.00000000e+00  2.52196097e-10 -5.04403803e-10  2.52196097e-10  1.16097882e-14 
 3.00000000e-01  0.00000000e+00  3.00000000e-01  0.00000000e+00  0.00000000e+00  5.67824371e-10 -1.13566652e-09  5.67824371e-10  1.77874766e-14 
 3.50000000e-01  0.00000000e+00  3.50000000e-01  0.00000000e+00  0.00000000e+00  1.26803518e-09 -2.53610094e-09  1.26803518e-09  3.05755573e-14 
 4.00000000e-01  0.00000000e+00  4.00000000e-01  0.00000000e+00  0.00000000e+00  2.70757392e-09 -5.41520824e-09  2.70757392e-09  6.04066082e-14 
 4.50000000e-01  0.00000000e+00  4.50000000e-01  0.00000000e+00  0.00000000e+00  4.96067409e-09 -9.92148208e-09  4.96067409e-09  1.33887371e-13 
 5.00000000e-01  0.00000000e+00  5.00000000e-01  0.00000000e+00  0.00000000e+00  8.09388764e-09 -1.61880933e-08  8.09388764e-09  3.17976273e-13 
 5.50000000e-01  0.00000000e+00  5.50000000e-01  0.00000000e+00  0.00000000e+00  1.22786106e-08 -2.45579998e-08  1.22786106e-08  7.78542498e-13 
 6.00000000e-01  0.00000000e+00  6.00000000e-01  0.00000000e+00  0.00000000e+00  1.77369034e-08 -3.54757285e-08  1.77369034e-08  1.92169029e-12 
 6.50000000e-01  0.00000000e+00  6.50000000e-01  0.00000000e+00  0.00000000e+00  2.47303256e-08 -4.94653852e-08  2.47303256e-08  4.73405149e-12 
 7.00000000e-01  0.00000000e+00  7.00000000e-01  0.00000000e+00  0.00000000e+00  3.35653019e-08 -6.71422032e-08  3.35653019e-08  1.15993227e-11 
 7.50000000e-01  0.00000000e+00  7.50000000e-01  0.00000000e+00  0.00000000e+00  4.46010092e-08 -8.92302683e-08  4.46010092e-08  2.82499201e-11 
 8.00000000e-01  0.00000000e+00  8.00000000e-01  0.00000000e+00  0.00000000e+00  5.82577779e-08 -1.16583968e-07  5.82577779e-08  6.84118093e-11 
 8.50000000e-01  0.00000000e+00  8.50000000e-01  0.00000000e+00  0.00000000e+00  7.50262627e-08 -1.50217326e-07  7.50262627e-08  1.64800304e-10 
 9.00000000e-01  0.00000000e+00  9.00000000e-01  0.00000000e+00  0.00000000e+00  9.54777894e-08 -1.91350531e-07  9.54777894e-08  3.94952617e-10 
 9.50000000e-01  0.00000000e+00  9.50000000e-01  0.00000000e+00  0.00000000e+00  1.20276184e-07 -2.41493541e-07  1.20276184e-07  9.41173908e-10 
 1.00000000e+00  0.00000000e+00  1.00000000e+00  0.00000000e+00  0.00000000e+00  1.50191327e-07 -3.02609358e-07  1.50191327e-07  2.22670332e-09 
 1.05000000e+00  0.00000000e+00  1.05000000e+00  0.00000000e+00  0.00000000e+00  1.86114670e-07 -3.77442640e-07  1.86114670e-07  5.21329937e-09 
 1.10000000e+00  0.00000000e+00  1.10000000e+00  0.00000000e+00  0.00000000e+00  2.29076949e-07 -4.70161024e-07  2.29076949e-07  1.20071261e-08 
 1.15000000e+00  0.00000000e+00  1.15000000e+00  0.00000000e+00  0.00000000e+00  2.80268376e-07 -5.87478024e-07  2.80268376e-07  2.69412723e-08 
 1.20000000e+00  0.00000000e+00  1.20000000e+00  0.00000000e+00  0.00000000e+00  3.41061630e-07 -7.40213079e-07  3.41061630e-07  5.80898199e-08 
