 v-sweep         V(drain)        V(gate)         V(source)       V(body)         I(Vd)           I(Vg)           I(Vs)           I(Vb)          
 0.00000000e+00  0.00000000e+00  0.00000000e+00  0.00000000e+00  0.00000000e+00 -7.23822494e-20  1.10001540e-18 -7.23822494e-20 -9.55250898e-19 
 5.00000000e-02  0.00000000e+00  5.00000000e-02  0.00000000e+00  0.00000000e+00  2.53284032e-10 -5.06574098e-10  2.53284032e-10  6.03381141e-15 
 1.00000000e-01  0.00000000e+00  1.00000000e-01  0.00000000e+00  0.00000000e+00  2.54952852e-10 -5.09918887e-10  2.54952852e-10  1.31834746e-14 
 1.50000000e-01  0.00000000e+00  1.50000000e-01  0.00000000e+00  0.00000000e+00  8.37123106e-11 -1.67446297e-10  8.37123106e-11  2.16760883e-14 
 2.00000000e-01  0.00000000e+00  2.00000000e-01  0.00000000e+00  0.00000000e+00  3.26266941e-10 -6.52566055e-10  3.26266941e-10  3.21736280e-14 
 2.50000000e-01  0.00000000e+00  2.50000000e-01  0.00000000e+00  0.00000000e+00  1.01642596e-09 -2.03289870e-09  1.01642596e-09  4.67909497e-14 
 3.00000000e-01  0.00000000e+00  3.00000000e-01  0.00000000e+00  0.00000000e+00  2.28850101e-09 -4.57707370e-09  2.28850101e-09  7.16888583e-14 
 3.50000000e-01  0.00000000e+00  3.50000000e-01  0.00000000e+00  0.00000000e+00  5.11054901e-09 -1.02212212e-08  5.11054901e-09  1.23228453e-13 
 4.00000000e-01  0.00000000e+00  4.00000000e-01  0.00000000e+00  0.00000000e+00  1.09122784e-08 -2.18248002e-08  1.09122784e-08  2.43455351e-13 
 4.50000000e-01  0.00000000e+00  4.50000000e-01  0.00000000e+00  0.00000000e+00  1.99928476e-08 -3.99862348e-08  1.99928476e-08  5.39599441e-13 
 5.00000000e-01  0.00000000e+00  5.00000000e-01  0.00000000e+00  0.00000000e+00  3.26204384e-08 -6.52421583e-08  3.26204384e-08  1.28151112e-12 
 5.50000000e-01  0.00000000e+00  5.50000000e-01  0.00000000e+00  0.00000000e+00  4.94857583e-08 -9.89746542e-08  4.94857583e-08  3.13765009e-12 
 6.00000000e-01  0.00000000e+00  6.00000000e-01  0.00000000e+00  0.00000000e+00  7.14836708e-08 -1.42975086e-07  7.14836708e-08  7.74459379e-12 
 6.50000000e-01  0.00000000e+00  6.50000000e-01  0.00000000e+00  0.00000000e+00  9.96681790e-08 -1.99355436e-07  9.96681790e-08  1.90782935e-11 
 7.00000000e-01  0.00000000e+00  7.00000000e-01  0.00000000e+00  0.00000000e+00  1.35274030e-07 -2.70594805e-07  1.35274030e-07  4.67442641e-11 
 7.50000000e-01  0.00000000e+00  7.50000000e-01  0.00000000e+00  0.00000000e+00  1.79748465e-07 -3.59610772e-07  1.79748465e-07  1.13841202e-10 
 8.00000000e-01  0.00000000e+00  8.00000000e-01  0.00000000e+00  0.00000000e+00  2.34785037e-07 -4.69845749e-07  2.34785037e-07  2.75674611e-10 
 8.50000000e-01  0.00000000e+00  8.50000000e-01  0.00000000e+00  0.00000000e+00  3.02360503e-07 -6.05385060e-07  3.02360503e-07  6.64054111e-10 
 9.00000000e-01  0.00000000e+00  9.00000000e-01  0.00000000e+00  0.00000000e+00  3.84776432e-07 -7.71144214e-07  3.84776432e-07  1.59135073e-09 
 9.50000000e-01  0.00000000e+00  9.50000000e-01  0.00000000e+00  0.00000000e+00  4.84706743e-07 -9.73205425e-07  4.84706743e-07  3.79193811e-09 
 1.00000000e+00  0.00000000e+00  1.00000000e+00  0.00000000e+00  0.00000000e+00  6.05252128e-07 -1.21947479e-06  6.05252128e-07  8.97053777e-09 
 1.05000000e+00  0.00000000e+00  1.05000000e+00  0.00000000e+00  0.00000000e+00  7.50002214e-07 -1.52100481e-06  7.50002214e-07  2.10003863e-08 
 1.10000000e+00  0.00000000e+00  1.10000000e+00  0.00000000e+00  0.00000000e+00  9.23106322e-07 -1.89457480e-06  9.23106322e-07  4.83621552e-08 
 1.15000000e+00  0.00000000e+00  1.15000000e+00  0.00000000e+00  0.00000000e+00  1.12935365e-06 -2.36720745e-06  1.12935365e-06  1.08500145e-07 
 1.20000000e+00  0.00000000e+00  1.20000000e+00  0.00000000e+00  0.00000000e+00  1.37426377e-06 -2.98243939e-06  1.37426377e-06  2.33911849e-07 
