 v-sweep         V(drain)        V(gate)         V(source)       V(body)         I(Vd)           I(Vg)           I(Vs)           I(Vb)          
 0.00000000e+00  0.00000000e+00  0.00000000e+00  0.00000000e+00  0.00000000e+00 -5.42413970e-20  8.24322439e-19 -5.42413970e-20 -7.15839645e-19 
 5.00000000e-02  0.00000000e+00  5.00000000e-02  0.00000000e+00  0.00000000e+00  1.89804333e-10 -3.79613187e-10  1.89804333e-10  4.52157844e-15 
 1.00000000e-01  0.00000000e+00  1.00000000e-01  0.00000000e+00  0.00000000e+00  1.91054887e-10 -3.82119653e-10  1.91054887e-10  9.87934620e-15 
 1.50000000e-01  0.00000000e+00  1.50000000e-01  0.00000000e+00  0.00000000e+00  6.27317773e-11 -1.25479798e-10  6.27317773e-11  1.62434849e-14 
 2.00000000e-01  0.00000000e+00  2.00000000e-01  0.00000000e+00  0.00000000e+00  2.44495824e-10 -4.89015757e-10  2.44495824e-10  2.41100631e-14 
 2.50000000e-01  0.00000000e+00  2.50000000e-01  0.00000000e+00  0.00000000e+00  7.61682867e-10 -1.52340080e-09  7.61682867e-10  3.50638998e-14 
 3.00000000e-01  0.00000000e+00  3.00000000e-01  0.00000000e+00  0.00000000e+00  1.71494300e-09 -3.42993973e-09  1.71494300e-09  5.37217478e-14 
 3.50000000e-01  0.00000000e+00  3.50000000e-01  0.00000000e+00  0.00000000e+00  3.82971561e-09 -7.65952356e-09  3.82971561e-09  9.23442366e-14 
 4.00000000e-01  0.00000000e+00  4.00000000e-01  0.00000000e+00  0.00000000e+00  8.17739425e-09 -1.63549709e-08  8.17739425e-09  1.82439527e-13 
 4.50000000e-01  0.00000000e+00  4.50000000e-01  0.00000000e+00  0.00000000e+00  1.49821691e-08 -2.99647426e-08  1.49821691e-08  4.04364018e-13 
 5.00000000e-01  0.00000000e+00  5.00000000e-01  0.00000000e+00  0.00000000e+00  2.44450234e-08 -4.88910072e-08  2.44450234e-08  9.60340750e-13 
 5.50000000e-01  0.00000000e+00  5.50000000e-01  0.00000000e+00  0.00000000e+00  3.70835797e-08 -7.41695106e-08  3.70835797e-08  2.35131084e-12 
 6.00000000e-01  0.00000000e+00  6.00000000e-01  0.00000000e+00  0.00000000e+00  5.35684624e-08 -1.07142728e-07  5.35684624e-08  5.80373294e-12 
 6.50000000e-01  0.00000000e+00  6.50000000e-01  0.00000000e+00  0.00000000e+00  7.46895698e-08 -1.49393437e-07  7.46895698e-08  1.42972452e-11 
 7.00000000e-01  0.00000000e+00  7.00000000e-01  0.00000000e+00  0.00000000e+00  1.01372272e-07 -2.02779574e-07  1.01372272e-07  3.50304916e-11 
 7.50000000e-01  0.00000000e+00  7.50000000e-01  0.00000000e+00  0.00000000e+00  1.34701215e-07 -2.69487745e-07  1.34701215e-07  8.53146585e-11 
 8.00000000e-01  0.00000000e+00  8.00000000e-01  0.00000000e+00  0.00000000e+00  1.75945680e-07 -3.52097959e-07  1.75945680e-07  2.06599223e-10 
 8.50000000e-01  0.00000000e+00  8.50000000e-01  0.00000000e+00  0.00000000e+00  2.26587251e-07 -4.53672176e-07  2.26587251e-07  4.97673860e-10 
 9.00000000e-01  0.00000000e+00  9.00000000e-01  0.00000000e+00  0.00000000e+00  2.88351030e-07 -5.77894726e-07  2.88351030e-07  1.19266571e-09 
 9.50000000e-01  0.00000000e+00  9.50000000e-01  0.00000000e+00  0.00000000e+00  3.63241305e-07 -7.29324635e-07  3.63241305e-07  2.84202478e-09 
 1.00000000e+00  0.00000000e+00  1.00000000e+00  0.00000000e+00  0.00000000e+00  4.53582409e-07 -9.13888413e-07  4.53582409e-07  6.72359508e-09 
 1.05000000e+00  0.00000000e+00  1.05000000e+00  0.00000000e+00  0.00000000e+00  5.62065429e-07 -1.13987176e-06  5.62065429e-07  1.57409062e-08 
 1.10000000e+00  0.00000000e+00  1.10000000e+00  0.00000000e+00  0.00000000e+00  6.91801454e-07 -1.41985479e-06  6.91801454e-07  3.62518787e-08 
 1.15000000e+00  0.00000000e+00  1.15000000e+00  0.00000000e+00  0.00000000e+00  8.46382084e-07 -1.77409975e-06  8.46382084e-07  8.13355786e-08 
 1.20000000e+00  0.00000000e+00  1.20000000e+00  0.00000000e+00  0.00000000e+00  1.02994799e-06 -2.23525595e-06  1.02994799e-06  1.75359972e-07 
