 v-sweep         V(drain)        V(gate)         V(source)       V(body)         I(Vd)           I(Vg)           I(Vs)           I(Vb)          
 0.00000000e+00  0.00000000e+00  0.00000000e+00  0.00000000e+00  0.00000000e+00 -1.44944768e-19  2.20278544e-18 -1.44944768e-19 -1.91289591e-18 
 5.00000000e-02  0.00000000e+00  5.00000000e-02  0.00000000e+00  0.00000000e+00  5.07202711e-10 -1.01441750e-09  5.07202711e-10  1.20827366e-14 
 1.00000000e-01  0.00000000e+00  1.00000000e-01  0.00000000e+00  0.00000000e+00  5.10544815e-10 -1.02111603e-09  5.10544815e-10  2.63999804e-14 
 1.50000000e-01  0.00000000e+00  1.50000000e-01  0.00000000e+00  0.00000000e+00  1.67634506e-10 -3.35312418e-10  1.67634506e-10  4.34064986e-14 
 2.00000000e-01  0.00000000e+00  2.00000000e-01  0.00000000e+00  0.00000000e+00  6.53350749e-10 -1.30676593e-09  6.53350749e-10  6.44278715e-14 
 2.50000000e-01  0.00000000e+00  2.50000000e-01  0.00000000e+00  0.00000000e+00  2.03539461e-09 -4.07088292e-09  2.03539461e-09  9.36990750e-14 
 3.00000000e-01  0.00000000e+00  3.00000000e-01  0.00000000e+00  0.00000000e+00  4.58271660e-09 -9.16557675e-09  4.58271660e-09  1.43556987e-13 
 3.50000000e-01  0.00000000e+00  3.50000000e-01  0.00000000e+00  0.00000000e+00  1.02337973e-08 -2.04678413e-08  1.02337973e-08  2.46763770e-13 
 4.00000000e-01  0.00000000e+00  4.00000000e-01  0.00000000e+00  0.00000000e+00  2.18514887e-08 -4.37034649e-08  2.18514887e-08  4.87510696e-13 
 4.50000000e-01  0.00000000e+00  4.50000000e-01  0.00000000e+00  0.00000000e+00  4.00346975e-08 -8.00704756e-08  4.00346975e-08  1.08050483e-12 
 5.00000000e-01  0.00000000e+00  5.00000000e-01  0.00000000e+00  0.00000000e+00  6.53201850e-08 -1.30642936e-07  6.53201850e-08  2.56604402e-12 
 5.50000000e-01  0.00000000e+00  5.50000000e-01  0.00000000e+00  0.00000000e+00  9.90906446e-08 -1.98187572e-07  9.90906446e-08  6.28244487e-12 
 6.00000000e-01  0.00000000e+00  6.00000000e-01  0.00000000e+00  0.00000000e+00  1.43137358e-07 -2.86290223e-07  1.43137358e-07  1.55060294e-11 
 6.50000000e-01  0.00000000e+00  6.50000000e-01  0.00000000e+00  0.00000000e+00  1.99569943e-07 -3.99178082e-07  1.99569943e-07  3.81956241e-11 
 7.00000000e-01  0.00000000e+00  7.00000000e-01  0.00000000e+00  0.00000000e+00  2.70859460e-07 -5.41812497e-07  2.70859460e-07  9.35766848e-11 
 7.50000000e-01  0.00000000e+00  7.50000000e-01  0.00000000e+00  0.00000000e+00  3.59901778e-07 -7.20031431e-07  3.59901778e-07  2.27874499e-10 
 8.00000000e-01  0.00000000e+00  8.00000000e-01  0.00000000e+00  0.00000000e+00  4.70084997e-07 -9.40721742e-07  4.70084997e-07  5.51747037e-10 
 8.50000000e-01  0.00000000e+00  8.50000000e-01  0.00000000e+00  0.00000000e+00  6.05362907e-07 -1.21205468e-06  6.05362907e-07  1.32886823e-09 
 9.00000000e-01  0.00000000e+00  9.00000000e-01  0.00000000e+00  0.00000000e+00  7.70337710e-07 -1.54385937e-06  7.70337710e-07  3.18394642e-09 
 9.50000000e-01  0.00000000e+00  9.50000000e-01  0.00000000e+00  0.00000000e+00  9.70354337e-07 -1.94829386e-06  9.70354337e-07  7.58519013e-09 
 1.00000000e+00  0.00000000e+00  1.00000000e+00  0.00000000e+00  0.00000000e+00  1.21160807e-06 -2.44115567e-06  1.21160807e-06  1.79395238e-08 
 1.05000000e+00  0.00000000e+00  1.05000000e+00  0.00000000e+00  0.00000000e+00  1.50126677e-06 -3.04451783e-06  1.50126677e-06  4.19842986e-08 
 1.10000000e+00  0.00000000e+00  1.10000000e+00  0.00000000e+00  0.00000000e+00  1.84760840e-06 -3.79186897e-06  1.84760840e-06  9.66521636e-08 
 1.15000000e+00  0.00000000e+00  1.15000000e+00  0.00000000e+00  0.00000000e+00  2.26017403e-06 -4.73709974e-06  2.26017403e-06  2.16751687e-07 
 1.20000000e+00  0.00000000e+00  1.20000000e+00  0.00000000e+00  0.00000000e+00  2.74993527e-06 -5.96695208e-06  2.74993527e-06  4.67081545e-07 
