 v-sweep         V(drain)        V(gate)         V(source)       V(body)         I(Vd)           I(Vg)           I(Vs)           I(Vb)          
 0.00000000e+00  0.00000000e+00  0.00000000e+00  0.00000000e+00  0.00000000e+00 -1.08663723e-19  1.65140085e-18 -1.08663723e-19 -1.43407340e-18 
 5.00000000e-02  0.00000000e+00  5.00000000e-02  0.00000000e+00  0.00000000e+00  3.80243400e-10 -7.60495858e-10  3.80243400e-10  9.05827561e-15 
 1.00000000e-01  0.00000000e+00  1.00000000e-01  0.00000000e+00  0.00000000e+00  3.82748809e-10 -7.65517409e-10  3.82748809e-10  1.97917294e-14 
 1.50000000e-01  0.00000000e+00  1.50000000e-01  0.00000000e+00  0.00000000e+00  1.25673393e-10 -2.51379328e-10  1.25673393e-10  3.25412942e-14 
 2.00000000e-01  0.00000000e+00  2.00000000e-01  0.00000000e+00  0.00000000e+00  4.89809004e-10 -9.79666308e-10  4.89809004e-10  4.83007535e-14 
 2.50000000e-01  0.00000000e+00  2.50000000e-01  0.00000000e+00  0.00000000e+00  1.52591117e-09 -3.05189259e-09  1.52591117e-09  7.02450301e-14 
 3.00000000e-01  0.00000000e+00  3.00000000e-01  0.00000000e+00  0.00000000e+00  3.43561274e-09 -6.87133311e-09  3.43561274e-09  1.07622998e-13 
 3.50000000e-01  0.00000000e+00  3.50000000e-01  0.00000000e+00  0.00000000e+00  7.67219362e-09 -1.53445722e-08  7.67219362e-09  1.84996483e-13 
 4.00000000e-01  0.00000000e+00  4.00000000e-01  0.00000000e+00  0.00000000e+00  1.63819618e-08 -3.27642891e-08  1.63819618e-08  3.65484932e-13 
 4.50000000e-01  0.00000000e+00  4.50000000e-01  0.00000000e+00  0.00000000e+00  3.00139799e-08 -6.00287699e-08  3.00139799e-08  8.10060850e-13 
 5.00000000e-01  0.00000000e+00  5.00000000e-01  0.00000000e+00  0.00000000e+00  4.89707710e-08 -9.79434658e-08  4.89707710e-08  1.92381323e-12 
 5.50000000e-01  0.00000000e+00  5.50000000e-01  0.00000000e+00  0.00000000e+00  7.42891204e-08 -1.48582951e-07  7.42891204e-08  4.71018242e-12 
 6.00000000e-01  0.00000000e+00  6.00000000e-01  0.00000000e+00  0.00000000e+00  1.07312230e-07 -2.14636086e-07  1.07312230e-07  1.16257935e-11 
 6.50000000e-01  0.00000000e+00  6.50000000e-01  0.00000000e+00  0.00000000e+00  1.49622103e-07 -2.99272845e-07  1.49622103e-07  2.86386060e-11 
 7.00000000e-01  0.00000000e+00  7.00000000e-01  0.00000000e+00  0.00000000e+00  2.03071931e-07 -4.06214027e-07  2.03071931e-07  7.01659153e-11 
 7.50000000e-01  0.00000000e+00  7.50000000e-01  0.00000000e+00  0.00000000e+00  2.69833688e-07 -5.39838251e-07  2.69833688e-07  1.70875341e-10 
 8.00000000e-01  0.00000000e+00  8.00000000e-01  0.00000000e+00  0.00000000e+00  3.52448811e-07 -7.05311388e-07  3.52448811e-07  4.13765811e-10 
 8.50000000e-01  0.00000000e+00  8.50000000e-01  0.00000000e+00  0.00000000e+00  4.53883451e-07 -9.08763532e-07  4.53883451e-07  9.96630801e-10 
 9.00000000e-01  0.00000000e+00  9.00000000e-01  0.00000000e+00  0.00000000e+00  5.77590750e-07 -1.15756966e-06  5.77590750e-07  2.38816313e-09 
 9.50000000e-01  0.00000000e+00  9.50000000e-01  0.00000000e+00  0.00000000e+00  7.27581936e-07 -1.46085397e-06  7.27581936e-07  5.69009995e-09 
 1.00000000e+00  0.00000000e+00  1.00000000e+00  0.00000000e+00  0.00000000e+00  9.08507596e-07 -1.83047473e-06  9.08507596e-07  1.34595372e-08 
 1.05000000e+00  0.00000000e+00  1.05000000e+00  0.00000000e+00  0.00000000e+00  1.12575029e-06 -2.28300588e-06  1.12575029e-06  3.15052969e-08 
 1.10000000e+00  0.00000000e+00  1.10000000e+00  0.00000000e+00  0.00000000e+00  1.38552949e-06 -2.84360238e-06  1.38552949e-06  7.25433951e-08 
 1.15000000e+00  0.00000000e+00  1.15000000e+00  0.00000000e+00  0.00000000e+00  1.69501955e-06 -3.55276254e-06  1.69501955e-06  1.62723435e-07 
 1.20000000e+00  0.00000000e+00  1.20000000e+00  0.00000000e+00  0.00000000e+00  2.06248129e-06 -4.47570804e-06  2.06248129e-06  3.50745465e-07 
