 v-sweep         V(drain)        V(gate)         V(source)       V(body)         I(Vd)           I(Vg)           I(Vs)           I(Vb)          
 0.00000000e+00  0.00000000e+00  0.00000000e+00  0.00000000e+00  0.00000000e+00 -3.61004911e-20  5.48629375e-19 -3.61004911e-20 -4.76428393e-19 
 5.00000000e-02  0.00000000e+00  5.00000000e-02  0.00000000e+00  0.00000000e+00  1.26324627e-10 -2.52652263e-10  1.26324627e-10  3.00934507e-15 
 1.00000000e-01  0.00000000e+00  1.00000000e-01  0.00000000e+00  0.00000000e+00  1.27156928e-10 -2.54320431e-10  1.27156928e-10  6.57521730e-15 
 1.50000000e-01  0.00000000e+00  1.50000000e-01  0.00000000e+00  0.00000000e+00  4.17512477e-11 -8.35133056e-11  4.17512477e-11  1.08108814e-14 
 2.00000000e-01  0.00000000e+00  2.00000000e-01  0.00000000e+00  0.00000000e+00  1.62724667e-10 -3.25465380e-10  1.62724667e-10  1.60464974e-14 
 2.50000000e-01  0.00000000e+00  2.50000000e-01  0.00000000e+00  0.00000000e+00  5.06939556e-10 -1.01390245e-09  5.06939556e-10  2.33368455e-14 
 3.00000000e-01  0.00000000e+00  3.00000000e-01  0.00000000e+00  0.00000000e+00  1.14138401e-09 -2.28280379e-09  1.14138401e-09  3.57546184e-14 
 3.50000000e-01  0.00000000e+00  3.50000000e-01  0.00000000e+00  0.00000000e+00  2.54887710e-09 -5.09781565e-09  2.54887710e-09  6.14599278e-14 
 4.00000000e-01  0.00000000e+00  4.00000000e-01  0.00000000e+00  0.00000000e+00  5.44249060e-09 -1.08851026e-08  5.44249060e-09  1.21423226e-13 
 4.50000000e-01  0.00000000e+00  4.50000000e-01  0.00000000e+00  0.00000000e+00  9.97143885e-09 -1.99431468e-08  9.97143885e-09  2.69126419e-13 
 5.00000000e-01  0.00000000e+00  5.00000000e-01  0.00000000e+00  0.00000000e+00  1.62694937e-08 -3.25396266e-08  1.62694937e-08  6.39161478e-13 
 5.50000000e-01  0.00000000e+00  5.50000000e-01  0.00000000e+00  0.00000000e+00  2.46811716e-08 -4.93639080e-08  2.46811716e-08  1.56493789e-12 
 6.00000000e-01  0.00000000e+00  6.00000000e-01  0.00000000e+00  0.00000000e+00  3.56528256e-08 -7.13095138e-08  3.56528256e-08  3.86275170e-12 
 6.50000000e-01  0.00000000e+00  6.50000000e-01  0.00000000e+00  0.00000000e+00  4.97102007e-08 -9.94299171e-08  4.97102007e-08  9.51578534e-12 
 7.00000000e-01  0.00000000e+00  7.00000000e-01  0.00000000e+00  0.00000000e+00  6.74692182e-08 -1.34961752e-07  6.74692182e-08  2.33153598e-11 
 7.50000000e-01  0.00000000e+00  7.50000000e-01  0.00000000e+00  0.00000000e+00  8.96518246e-08 -1.79360433e-07  8.96518246e-08  5.67837447e-11 
 8.00000000e-01  0.00000000e+00  8.00000000e-01  0.00000000e+00  0.00000000e+00  1.17102876e-07 -2.34343263e-07  1.17102876e-07  1.37510093e-10 
 8.50000000e-01  0.00000000e+00  8.50000000e-01  0.00000000e+00  0.00000000e+00  1.50808566e-07 -3.01948384e-07  1.50808566e-07  3.31251204e-10 
 9.00000000e-01  0.00000000e+00  9.00000000e-01  0.00000000e+00  0.00000000e+00  1.91917212e-07 -3.84628276e-07  1.91917212e-07  7.93852012e-10 
 9.50000000e-01  0.00000000e+00  9.50000000e-01  0.00000000e+00  0.00000000e+00  2.41763022e-07 -4.85417771e-07  2.41763022e-07  1.89172729e-09 
 1.00000000e+00  0.00000000e+00  1.00000000e+00  0.00000000e+00  0.00000000e+00  3.01893319e-07 -6.08262163e-07  3.01893319e-07  4.47552479e-09 
 1.05000000e+00  0.00000000e+00  1.05000000e+00  0.00000000e+00  0.00000000e+00  3.74099692e-07 -7.58677567e-07  3.74099692e-07  1.04781831e-08 
 1.10000000e+00  0.00000000e+00  1.10000000e+00  0.00000000e+00  0.00000000e+00  4.60453539e-07 -9.45039603e-07  4.60453539e-07  2.41325261e-08 
 1.15000000e+00  0.00000000e+00  1.15000000e+00  0.00000000e+00  0.00000000e+00  5.63346539e-07 -1.18083965e-06  5.63346539e-07  5.41465697e-08 
 1.20000000e+00  0.00000000e+00  1.20000000e+00  0.00000000e+00  0.00000000e+00  6.85536644e-07 -1.48781898e-06  6.85536644e-07  1.16745693e-07 
