 v-sweep         V(drain)        V(gate)         V(source)       V(body)         I(Vd)           I(Vg)           I(Vs)           I(Vb)          
 0.00000000e+00  0.00000000e+00  0.00000000e+00  0.00000000e+00  0.00000000e+00  1.15969048e-17 -2.47682031e-17  1.15969048e-17  1.57439354e-18 
 5.00000000e-02  5.00000000e-02  0.00000000e+00  0.00000000e+00  0.00000000e+00 -8.02232354e-07  4.42384031e-10  8.01789911e-07  5.90101853e-14 
 1.00000000e-01  1.00000000e-01  0.00000000e+00  0.00000000e+00  0.00000000e+00 -4.39995024e-06  4.67346465e-10  4.39948243e-06  4.66025666e-13 
 1.50000000e-01  1.50000000e-01  0.00000000e+00  0.00000000e+00  0.00000000e+00 -1.89110832e-05  2.54752321e-10  1.89108252e-05  3.27942240e-12 
 2.00000000e-01  2.00000000e-01  0.00000000e+00  0.00000000e+00  0.00000000e+00 -6.75868732e-05  1.43293612e-09  6.75854175e-05  2.27505827e-11 
 2.50000000e-01  2.50000000e-01  0.00000000e+00  0.00000000e+00  0.00000000e+00 -1.89984884e-04  6.41583556e-09  1.89978311e-04  1.57504681e-10 
 3.00000000e-01  3.00000000e-01  0.00000000e+00  0.00000000e+00  0.00000000e+00 -4.10595659e-04  1.77334437e-08  4.10576836e-04  1.08948679e-09 
 3.50000000e-01  3.50000000e-01  0.00000000e+00  0.00000000e+00  0.00000000e+00 -7.17223532e-04  3.53981044e-08  7.17180601e-04  7.53213469e-09 
 4.00000000e-01  4.00000000e-01  0.00000000e+00  0.00000000e+00  0.00000000e+00 -1.08243359e-03  5.95049819e-08  1.08232202e-03  5.20594216e-08 
 4.50000000e-01  4.50000000e-01  0.00000000e+00  0.00000000e+00  0.00000000e+00 -1.48411437e-03  9.07748828e-08  1.48366391e-03  3.59678185e-07 
 5.00000000e-01  5.00000000e-01  0.00000000e+00  0.00000000e+00  0.00000000e+00 -1.90973263e-03  1.30168145e-07  1.90712293e-03  2.47953309e-06 
 5.50000000e-01  5.50000000e-01  0.00000000e+00  0.00000000e+00  0.00000000e+00 -2.36095237e-03  1.78784894e-07  2.34393308e-03  1.68405005e-05 
 6.00000000e-01  6.00000000e-01  0.00000000e+00  0.00000000e+00  0.00000000e+00 -2.89217320e-03  2.37862134e-07  2.78725222e-03  1.04683114e-04 
 6.50000000e-01  6.50000000e-01  0.00000000e+00  0.00000000e+00  0.00000000e+00 -3.69568478e-03  3.08795558e-07  3.22844100e-03  4.66934984e-04 
 7.00000000e-01  7.00000000e-01  0.00000000e+00  0.00000000e+00  0.00000000e+00 -4.91111624e-03  3.93148310e-07  3.65944004e-03  1.25128306e-03 
 7.50000000e-01  7.50000000e-01  0.00000000e+00  0.00000000e+00  0.00000000e+00 -6.41253122e-03  4.92666212e-07  4.07773188e-03  2.33430668e-03 
 8.00000000e-01  8.00000000e-01  0.00000000e+00  0.00000000e+00  0.00000000e+00 -8.06249608e-03  6.09368713e-07  4.48094289e-03  3.58094382e-03 
 8.50000000e-01  8.50000000e-01  0.00000000e+00  0.00000000e+00  0.00000000e+00 -9.77848400e-03  7.45723685e-07  4.86352982e-03  4.91420845e-03 
 9.00000000e-01  9.00000000e-01  0.00000000e+00  0.00000000e+00  0.00000000e+00 -1.15261212e-02  9.04946257e-07  5.21548128e-03  6.30973497e-03 
 9.50000000e-01  9.50000000e-01  0.00000000e+00  0.00000000e+00  0.00000000e+00 -1.32723785e-02  1.09160551e-06  5.52924567e-03  7.74204120e-03 
 1.00000000e+00  1.00000000e+00  0.00000000e+00  0.00000000e+00  0.00000000e+00 -1.50156046e-02  1.31329397e-06  5.81458853e-03  9.19970277e-03 
 1.05000000e+00  1.05000000e+00  0.00000000e+00  0.00000000e+00  0.00000000e+00 -1.67647550e-02  1.58460721e-06  6.08654718e-03  1.06766232e-02 
 1.10000000e+00  1.10000000e+00  0.00000000e+00  0.00000000e+00  0.00000000e+00 -1.85201431e-02  1.93152973e-06  6.34979389e-03  1.21684176e-02 
 1.15000000e+00  1.15000000e+00  0.00000000e+00  0.00000000e+00  0.00000000e+00 -2.02790029e-02  2.39401742e-06  6.60466627e-03  1.36719426e-02 
 1.20000000e+00  1.20000000e+00  0.00000000e+00  0.00000000e+00  0.00000000e+00 -2.20389671e-02  3.02632161e-06  6.85102330e-03  1.51849174e-02 
