 v-sweep         V(drain)        V(gate)         V(source)       V(body)         I(Vd)           I(Vg)           I(Vs)           I(Vb)          
 0.00000000e+00  0.00000000e+00  0.00000000e+00  0.00000000e+00  0.00000000e+00  7.72481739e-18 -1.64983543e-17  7.72481739e-18  1.04871957e-18 
 5.00000000e-02  5.00000000e-02  0.00000000e+00  0.00000000e+00  0.00000000e+00 -5.34375189e-07  2.94676532e-10  5.34080454e-07  5.90449130e-14 
 1.00000000e-01  1.00000000e-01  0.00000000e+00  0.00000000e+00  0.00000000e+00 -2.93085197e-06  3.11304254e-10  2.93054020e-06  4.66577093e-13 
 1.50000000e-01  1.50000000e-01  0.00000000e+00  0.00000000e+00  0.00000000e+00 -1.25968665e-05  1.69693124e-10  1.25966936e-05  3.28343076e-12 
 2.00000000e-01  2.00000000e-01  0.00000000e+00  0.00000000e+00  0.00000000e+00 -4.50203177e-05  9.54493619e-10  4.50193404e-05  2.27696033e-11 
 2.50000000e-01  2.50000000e-01  0.00000000e+00  0.00000000e+00  0.00000000e+00 -1.26550972e-04  4.27365670e-09  1.26546541e-04  1.57567100e-10 
 3.00000000e-01  3.00000000e-01  0.00000000e+00  0.00000000e+00  0.00000000e+00 -2.73502542e-04  1.18124435e-08  2.73489640e-04  1.08963507e-09 
 3.50000000e-01  3.50000000e-01  0.00000000e+00  0.00000000e+00  0.00000000e+00 -4.77752983e-04  2.35790828e-08  4.77721871e-04  7.53241357e-09 
 4.00000000e-01  4.00000000e-01  0.00000000e+00  0.00000000e+00  0.00000000e+00 -7.21038479e-04  3.96369738e-08  7.20946782e-04  5.20598729e-08 
 4.50000000e-01  4.50000000e-01  0.00000000e+00  0.00000000e+00  0.00000000e+00 -9.88705480e-04  6.04662662e-08  9.88285335e-04  3.59678849e-07 
 5.00000000e-01  5.00000000e-01  0.00000000e+00  0.00000000e+00  0.00000000e+00 -1.27292271e-03  8.67066692e-08  1.27035647e-03  2.47953401e-06 
 5.50000000e-01  5.50000000e-01  0.00000000e+00  0.00000000e+00  0.00000000e+00 -1.57828066e-03  1.19091012e-07  1.56132106e-03  1.68405017e-05 
 6.00000000e-01  6.00000000e-01  0.00000000e+00  0.00000000e+00  0.00000000e+00 -1.96146305e-03  1.58443308e-07  1.85662149e-03  1.04683116e-04 
 6.50000000e-01  6.50000000e-01  0.00000000e+00  0.00000000e+00  0.00000000e+00 -2.61764368e-03  2.05693285e-07  2.15050300e-03  4.66934986e-04 
 7.00000000e-01  7.00000000e-01  0.00000000e+00  0.00000000e+00  0.00000000e+00 -3.68914208e-03  2.61882227e-07  2.43759714e-03  1.25128306e-03 
 7.50000000e-01  7.50000000e-01  0.00000000e+00  0.00000000e+00  0.00000000e+00 -5.05086186e-03  3.28173117e-07  2.71622700e-03  2.33430669e-03 
 8.00000000e-01  8.00000000e-01  0.00000000e+00  0.00000000e+00  0.00000000e+00 -6.56616125e-03  4.05911232e-07  2.98481146e-03  3.58094388e-03 
 8.50000000e-01  8.50000000e-01  0.00000000e+00  0.00000000e+00  0.00000000e+00 -8.15436347e-03  4.96740590e-07  3.23965810e-03  4.91420863e-03 
 9.00000000e-01  9.00000000e-01  0.00000000e+00  0.00000000e+00  0.00000000e+00 -9.78443650e-03  6.02803043e-07  3.47409821e-03  6.30973549e-03 
 9.50000000e-01  9.50000000e-01  0.00000000e+00  0.00000000e+00  0.00000000e+00 -1.14258715e-02  7.27142497e-07  3.68310162e-03  7.74204272e-03 
 1.00000000e+00  1.00000000e+00  0.00000000e+00  0.00000000e+00  0.00000000e+00 -1.30737553e-02  8.74817228e-07  3.87317337e-03  9.19970707e-03 
 1.05000000e+00  1.05000000e+00  0.00000000e+00  0.00000000e+00  0.00000000e+00 -1.47320203e-02  1.05555124e-06  4.05433011e-03  1.06766346e-02 
 1.10000000e+00  1.10000000e+00  0.00000000e+00  0.00000000e+00  0.00000000e+00 -1.63994161e-02  1.28665655e-06  4.22968432e-03  1.21684451e-02 
 1.15000000e+00  1.15000000e+00  0.00000000e+00  0.00000000e+00  0.00000000e+00 -1.80730586e-02  1.59475465e-06  4.39946117e-03  1.36720027e-02 
 1.20000000e+00  1.20000000e+00  0.00000000e+00  0.00000000e+00  0.00000000e+00 -1.97506200e-02  2.01599439e-06  4.56356712e-03  1.51850368e-02 
