 v-sweep         V(drain)        V(gate)         V(source)       V(body)         I(Vd)           I(Vg)           I(Vs)           I(Vb)          
 0.00000000e+00  0.00000000e+00  0.00000000e+00  0.00000000e+00  0.00000000e+00  1.91668420e-18 -4.09357701e-18  1.91668420e-18  2.60208615e-19 
 5.00000000e-02  5.00000000e-02  0.00000000e+00  0.00000000e+00  0.00000000e+00 -1.32589382e-07  7.31152341e-11  1.32516208e-07  5.90970048e-14 
 1.00000000e-01  1.00000000e-01  0.00000000e+00  0.00000000e+00  0.00000000e+00 -7.27204253e-07  7.72409080e-11  7.27126545e-07  4.67404235e-13 
 1.50000000e-01  1.50000000e-01  0.00000000e+00  0.00000000e+00  0.00000000e+00 -3.12554085e-06  4.21043105e-11  3.12549545e-06  3.28944329e-12 
 2.00000000e-01  2.00000000e-01  0.00000000e+00  0.00000000e+00  0.00000000e+00 -1.11704729e-05  2.36829295e-10  1.11702133e-05  2.27981341e-11 
 2.50000000e-01  2.50000000e-01  0.00000000e+00  0.00000000e+00  0.00000000e+00 -3.13999937e-05  1.06038160e-09  3.13987757e-05  1.57660730e-10 
 3.00000000e-01  3.00000000e-01  0.00000000e+00  0.00000000e+00  0.00000000e+00 -6.78623950e-05  2.93091000e-09  6.78583743e-05  1.08985748e-09 
 3.50000000e-01  3.50000000e-01  0.00000000e+00  0.00000000e+00  0.00000000e+00 -1.18545983e-04  5.85045748e-09  1.18532600e-04  7.53283190e-09 
 4.00000000e-01  4.00000000e-01  0.00000000e+00  0.00000000e+00  0.00000000e+00 -1.78943625e-04  9.83475632e-09  1.78881729e-04  5.20605499e-08 
 4.50000000e-01  4.50000000e-01  0.00000000e+00  0.00000000e+00  0.00000000e+00 -2.45588652e-04  1.50029439e-08  2.45213969e-04  3.59679845e-07 
 5.00000000e-01  5.00000000e-01  0.00000000e+00  0.00000000e+00  0.00000000e+00 -3.17702735e-04  2.15137484e-08  3.15201686e-04  2.47953539e-06 
 5.50000000e-01  5.50000000e-01  0.00000000e+00  0.00000000e+00  0.00000000e+00 -4.04266130e-04  2.95490041e-08  3.87396077e-04  1.68405035e-05 
 6.00000000e-01  6.00000000e-01  0.00000000e+00  0.00000000e+00  0.00000000e+00 -5.65388733e-04  3.93131717e-08  4.60666302e-04  1.04683118e-04 
 6.50000000e-01  6.50000000e-01  0.00000000e+00  0.00000000e+00  0.00000000e+00 -1.00057051e-03  5.10369435e-08  5.33584485e-04  4.66934990e-04 
 7.00000000e-01  7.00000000e-01  0.00000000e+00  0.00000000e+00  0.00000000e+00 -1.85616666e-03  6.49786934e-08  6.04818609e-04  1.25128307e-03 
 7.50000000e-01  7.50000000e-01  0.00000000e+00  0.00000000e+00  0.00000000e+00 -3.00834074e-03  8.14269951e-08  6.73952594e-04  2.33430672e-03 
 8.00000000e-01  8.00000000e-01  0.00000000e+00  0.00000000e+00  0.00000000e+00 -4.32163881e-03  1.00715658e-07  7.40594131e-04  3.58094396e-03 
 8.50000000e-01  8.50000000e-01  0.00000000e+00  0.00000000e+00  0.00000000e+00 -5.71815919e-03  1.23252622e-07  8.03827050e-04  4.91420889e-03 
 9.00000000e-01  9.00000000e-01  0.00000000e+00  0.00000000e+00  0.00000000e+00 -7.17188255e-03  1.49569367e-07  8.61996709e-04  6.30973627e-03 
 9.50000000e-01  9.50000000e-01  0.00000000e+00  0.00000000e+00  0.00000000e+00 -8.65608045e-03  1.80421221e-07  9.13855028e-04  7.74204500e-03 
 1.00000000e+00  1.00000000e+00  0.00000000e+00  0.00000000e+00  0.00000000e+00 -1.01609466e-02  2.17063395e-07  9.61016057e-04  9.19971352e-03 
 1.05000000e+00  1.05000000e+00  0.00000000e+00  0.00000000e+00  0.00000000e+00 -1.16828787e-02  2.61908936e-07  1.00596516e-03  1.06766517e-02 
 1.10000000e+00  1.10000000e+00  0.00000000e+00  0.00000000e+00  0.00000000e+00 -1.32182802e-02  3.19253960e-07  1.04947465e-03  1.21684863e-02 
 1.15000000e+00  1.15000000e+00  0.00000000e+00  0.00000000e+00  0.00000000e+00 -1.47640889e-02  3.95705000e-07  1.09160045e-03  1.36720928e-02 
 1.20000000e+00  1.20000000e+00  0.00000000e+00  0.00000000e+00  0.00000000e+00 -1.63180357e-02  5.00233464e-07  1.13231943e-03  1.51852161e-02 
