 v-sweep         V(drain)        V(gate)         V(source)       V(body)         I(Vd)           I(Vg)           I(Vs)           I(Vb)          
 0.00000000e+00  0.00000000e+00  0.00000000e+00  0.00000000e+00  0.00000000e+00  3.85272877e-18 -8.22850314e-18  3.85272877e-18  5.23045599e-19 
 5.00000000e-02  5.00000000e-02  0.00000000e+00  0.00000000e+00  0.00000000e+00 -2.66517990e-07  1.46969004e-10  2.66370962e-07  5.90796408e-14 
 1.00000000e-01  1.00000000e-01  0.00000000e+00  0.00000000e+00  0.00000000e+00 -1.46175352e-06  1.55262026e-10  1.46159779e-06  4.67128521e-13 
 1.50000000e-01  1.50000000e-01  0.00000000e+00  0.00000000e+00  0.00000000e+00 -6.28264947e-06  8.46339164e-11  6.28256154e-06  3.28743911e-12 
 2.00000000e-01  2.00000000e-01  0.00000000e+00  0.00000000e+00  0.00000000e+00 -2.24537555e-05  4.76050785e-10  2.24532567e-05  2.27886238e-11 
 2.50000000e-01  2.50000000e-01  0.00000000e+00  0.00000000e+00  0.00000000e+00 -6.31169958e-05  2.13147387e-09  6.31147067e-05  1.57629520e-10 
 3.00000000e-01  3.00000000e-01  0.00000000e+00  0.00000000e+00  0.00000000e+00 -1.36409151e-04  5.89142396e-09  1.36402170e-04  1.08978334e-09 
 3.50000000e-01  3.50000000e-01  0.00000000e+00  0.00000000e+00  0.00000000e+00 -2.38281749e-04  1.17600071e-08  2.38262457e-04  7.53269246e-09 
 4.00000000e-01  4.00000000e-01  0.00000000e+00  0.00000000e+00  0.00000000e+00 -3.59642095e-04  1.97688462e-08  3.59570266e-04  5.20603242e-08 
 4.50000000e-01  4.50000000e-01  0.00000000e+00  0.00000000e+00  0.00000000e+00 -4.93294558e-04  3.01574183e-08  4.92904721e-04  3.59679513e-07 
 5.00000000e-01  5.00000000e-01  0.00000000e+00  0.00000000e+00  0.00000000e+00 -6.36109824e-04  4.32447819e-08  6.33587044e-04  2.47953493e-06 
 5.50000000e-01  5.50000000e-01  0.00000000e+00  0.00000000e+00  0.00000000e+00 -7.95604894e-04  5.93964404e-08  7.78704995e-04  1.68405029e-05 
 6.00000000e-01  6.00000000e-01  0.00000000e+00  0.00000000e+00  0.00000000e+00 -1.03074761e-03  7.90233777e-08  9.25985470e-04  1.04683117e-04 
 6.50000000e-01  6.50000000e-01  0.00000000e+00  0.00000000e+00  0.00000000e+00 -1.53959588e-03  1.02589306e-07  1.07255830e-03  4.66934989e-04 
 7.00000000e-01  7.00000000e-01  0.00000000e+00  0.00000000e+00  0.00000000e+00 -2.46715967e-03  1.30613578e-07  1.21574599e-03  1.25128307e-03 
 7.50000000e-01  7.50000000e-01  0.00000000e+00  0.00000000e+00  0.00000000e+00 -3.68918256e-03  1.63676252e-07  1.35471218e-03  2.33430671e-03 
 8.00000000e-01  8.00000000e-01  0.00000000e+00  0.00000000e+00  0.00000000e+00 -5.06981467e-03  2.02448308e-07  1.48866828e-03  3.58094393e-03 
 8.50000000e-01  8.50000000e-01  0.00000000e+00  0.00000000e+00  0.00000000e+00 -6.53022927e-03  2.47749741e-07  1.61577272e-03  4.91420880e-03 
 9.00000000e-01  9.00000000e-01  0.00000000e+00  0.00000000e+00  0.00000000e+00 -8.04273614e-03  3.00648857e-07  1.73269949e-03  6.30973601e-03 
 9.50000000e-01  9.50000000e-01  0.00000000e+00  0.00000000e+00  0.00000000e+00 -9.57934671e-03  3.62663914e-07  1.83693981e-03  7.74204424e-03 
 1.00000000e+00  1.00000000e+00  0.00000000e+00  0.00000000e+00  0.00000000e+00 -1.11318858e-02  4.36317954e-07  1.93173809e-03  9.19971137e-03 
 1.05000000e+00  1.05000000e+00  0.00000000e+00  0.00000000e+00  0.00000000e+00 -1.26992626e-02  5.26461313e-07  2.02209015e-03  1.06766460e-02 
 1.10000000e+00  1.10000000e+00  0.00000000e+00  0.00000000e+00  0.00000000e+00 -1.42786627e-02  6.41729357e-07  2.10954839e-03  1.21684726e-02 
 1.15000000e+00  1.15000000e+00  0.00000000e+00  0.00000000e+00  0.00000000e+00 -1.58670833e-02  7.95401400e-07  2.19422521e-03  1.36720627e-02 
 1.20000000e+00  1.20000000e+00  0.00000000e+00  0.00000000e+00  0.00000000e+00 -1.74622359e-02  1.00551001e-06  2.27607407e-03  1.51851563e-02 
