 v-sweep         V(drain)        V(gate)         V(source)       V(body)         I(Vd)           I(Vg)           I(Vs)           I(Vb)          
 0.00000000e+00  0.00000000e+00  0.00000000e+00  0.00000000e+00  0.00000000e+00  1.54689904e-17 -3.30380483e-17  1.54689904e-17  2.10006751e-18 
 5.00000000e-02  5.00000000e-02  0.00000000e+00  0.00000000e+00  0.00000000e+00 -1.07008947e-06  5.90091488e-10  1.06949932e-06  5.89754581e-14 
 1.00000000e-01  1.00000000e-01  0.00000000e+00  0.00000000e+00  0.00000000e+00 -5.86904823e-06  6.23388648e-10  5.86842438e-06  4.65474239e-13 
 1.50000000e-01  1.50000000e-01  0.00000000e+00  0.00000000e+00  0.00000000e+00 -2.52252993e-05  3.39811502e-10  2.52249562e-05  3.27541405e-12 
 2.00000000e-01  2.00000000e-01  0.00000000e+00  0.00000000e+00  0.00000000e+00 -9.01534188e-05  1.91137813e-09  9.01514847e-05  2.27315622e-11 
 2.50000000e-01  2.50000000e-01  0.00000000e+00  0.00000000e+00  0.00000000e+00 -2.53418699e-04  8.55800848e-09  2.53409984e-04  1.57442261e-10 
 3.00000000e-01  3.00000000e-01  0.00000000e+00  0.00000000e+00  0.00000000e+00 -5.47688363e-04  2.36544151e-08  5.47663619e-04  1.08933852e-09 
 3.50000000e-01  3.50000000e-01  0.00000000e+00  0.00000000e+00  0.00000000e+00 -9.56693053e-04  4.72170447e-08  9.56638304e-04  7.53185581e-09 
 4.00000000e-01  4.00000000e-01  0.00000000e+00  0.00000000e+00  0.00000000e+00 -1.44382678e-03  7.93728107e-08  1.44369534e-03  5.20589703e-08 
 4.50000000e-01  4.50000000e-01  0.00000000e+00  0.00000000e+00  0.00000000e+00 -1.97952020e-03  1.21083152e-07  1.97903943e-03  3.59677521e-07 
 5.00000000e-01  5.00000000e-01  0.00000000e+00  0.00000000e+00  0.00000000e+00 -2.54653811e-03  1.73629003e-07  2.54388495e-03  2.47953217e-06 
 5.50000000e-01  5.50000000e-01  0.00000000e+00  0.00000000e+00  0.00000000e+00 -3.14361800e-03  2.38477741e-07  3.12653903e-03  1.68404992e-05 
 6.00000000e-01  6.00000000e-01  0.00000000e+00  0.00000000e+00  0.00000000e+00 -3.82287539e-03  3.17279302e-07  3.71787500e-03  1.04683112e-04 
 6.50000000e-01  6.50000000e-01  0.00000000e+00  0.00000000e+00  0.00000000e+00 -4.77371582e-03  4.11895268e-07  4.30636894e-03  4.66934981e-04 
 7.00000000e-01  7.00000000e-01  0.00000000e+00  0.00000000e+00  0.00000000e+00 -6.13307801e-03  5.24410541e-07  4.88127055e-03  1.25128305e-03 
 7.50000000e-01  7.50000000e-01  0.00000000e+00  0.00000000e+00  0.00000000e+00 -7.77418566e-03  6.57153645e-07  5.43922185e-03  2.33430666e-03 
 8.00000000e-01  8.00000000e-01  0.00000000e+00  0.00000000e+00  0.00000000e+00 -9.55881326e-03  8.12818022e-07  5.97705668e-03  3.58094376e-03 
 8.50000000e-01  8.50000000e-01  0.00000000e+00  0.00000000e+00  0.00000000e+00 -1.14025840e-02  9.94695140e-07  6.48738104e-03  4.91420828e-03 
 9.00000000e-01  9.00000000e-01  0.00000000e+00  0.00000000e+00  0.00000000e+00 -1.32677824e-02  1.20707300e-06  6.95684086e-03  6.30973445e-03 
 9.50000000e-01  9.50000000e-01  0.00000000e+00  0.00000000e+00  0.00000000e+00 -1.51188588e-02  1.45604513e-06  7.37536305e-03  7.74203968e-03 
 1.00000000e+00  1.00000000e+00  0.00000000e+00  0.00000000e+00  0.00000000e+00 -1.69574237e-02  1.75173687e-06  7.75597350e-03  9.19969847e-03 
 1.05000000e+00  1.05000000e+00  0.00000000e+00  0.00000000e+00  0.00000000e+00 -1.87974554e-02  2.11361224e-06  8.11872992e-03  1.06766119e-02 
 1.10000000e+00  1.10000000e+00  0.00000000e+00  0.00000000e+00  0.00000000e+00 -2.06408305e-02  2.57632186e-06  8.46986399e-03  1.21683902e-02 
 1.15000000e+00  1.15000000e+00  0.00000000e+00  0.00000000e+00  0.00000000e+00 -2.24849010e-02  3.19314443e-06  8.80982517e-03  1.36718826e-02 
 1.20000000e+00  1.20000000e+00  0.00000000e+00  0.00000000e+00  0.00000000e+00 -2.43272588e-02  4.03641310e-06  9.13842436e-03  1.51847981e-02 
