 v-sweep         V(drain)        V(gate)         V(source)       V(body)         I(Vd)           I(Vg)           I(Vs)           I(Vb)          
 0.00000000e+00  0.00000000e+00  0.00000000e+00  0.00000000e+00  0.00000000e+00  5.78877319e-18 -1.23634290e-17  5.78877319e-18  7.85882584e-19 
 5.00000000e-02  5.00000000e-02  0.00000000e+00  0.00000000e+00  0.00000000e+00 -4.00446593e-07  2.20822771e-10  4.00225711e-07  5.90622769e-14 
 1.00000000e-01  1.00000000e-01  0.00000000e+00  0.00000000e+00  0.00000000e+00 -2.19630276e-06  2.33283142e-10  2.19606901e-06  4.66852807e-13 
 1.50000000e-01  1.50000000e-01  0.00000000e+00  0.00000000e+00  0.00000000e+00 -9.43975804e-06  1.27163521e-10  9.43962759e-06  3.28543493e-12 
 2.00000000e-01  2.00000000e-01  0.00000000e+00  0.00000000e+00  0.00000000e+00 -3.37370372e-05  7.15272233e-10  3.37362992e-05  2.27791135e-11 
 2.50000000e-01  2.50000000e-01  0.00000000e+00  0.00000000e+00  0.00000000e+00 -9.48339899e-05  3.20256566e-09  9.48306297e-05  1.57598310e-10 
 3.00000000e-01  3.00000000e-01  0.00000000e+00  0.00000000e+00  0.00000000e+00 -2.04955872e-04  8.85193551e-09  2.04945931e-04  1.08970921e-09 
 3.50000000e-01  3.50000000e-01  0.00000000e+00  0.00000000e+00  0.00000000e+00 -3.58017430e-04  1.76695501e-08  3.57992228e-04  7.53255302e-09 
 4.00000000e-01  4.00000000e-01  0.00000000e+00  0.00000000e+00  0.00000000e+00 -5.40340406e-04  2.97029212e-08  5.40258643e-04  5.20600986e-08 
 4.50000000e-01  4.50000000e-01  0.00000000e+00  0.00000000e+00  0.00000000e+00 -7.41000210e-04  4.53118640e-08  7.40595219e-04  3.59679181e-07 
 5.00000000e-01  5.00000000e-01  0.00000000e+00  0.00000000e+00  0.00000000e+00 -9.54516543e-04  6.49757641e-08  9.51972033e-04  2.47953447e-06 
 5.50000000e-01  5.50000000e-01  0.00000000e+00  0.00000000e+00  0.00000000e+00 -1.18694315e-03  8.92437906e-08  1.17001341e-03  1.68405023e-05 
 6.00000000e-01  6.00000000e-01  0.00000000e+00  0.00000000e+00  0.00000000e+00 -1.49610583e-03  1.18733446e-07  1.39130398e-03  1.04683116e-04 
 6.50000000e-01  6.50000000e-01  0.00000000e+00  0.00000000e+00  0.00000000e+00 -2.07862040e-03  1.54141456e-07  1.61153128e-03  4.66934988e-04 
 7.00000000e-01  7.00000000e-01  0.00000000e+00  0.00000000e+00  0.00000000e+00 -3.07815165e-03  1.96248143e-07  1.82667233e-03  1.25128306e-03 
 7.50000000e-01  7.50000000e-01  0.00000000e+00  0.00000000e+00  0.00000000e+00 -4.37002315e-03  2.45925038e-07  2.03547052e-03  2.33430670e-03 
 8.00000000e-01  8.00000000e-01  0.00000000e+00  0.00000000e+00  0.00000000e+00 -5.81798906e-03  3.04180280e-07  2.23674097e-03  3.58094391e-03 
 8.50000000e-01  8.50000000e-01  0.00000000e+00  0.00000000e+00  0.00000000e+00 -7.34229765e-03  3.72245892e-07  2.42771669e-03  4.91420871e-03 
 9.00000000e-01  9.00000000e-01  0.00000000e+00  0.00000000e+00  0.00000000e+00 -8.91358779e-03  4.51726978e-07  2.60340032e-03  6.30973575e-03 
 9.50000000e-01  9.50000000e-01  0.00000000e+00  0.00000000e+00  0.00000000e+00 -1.05026108e-02  5.44904664e-07  2.76002238e-03  7.74204348e-03 
 1.00000000e+00  1.00000000e+00  0.00000000e+00  0.00000000e+00  0.00000000e+00 -1.21028224e-02  6.55569702e-07  2.90245762e-03  9.19970922e-03 
 1.05000000e+00  1.05000000e+00  0.00000000e+00  0.00000000e+00  0.00000000e+00 -1.37156436e-02  7.91009456e-07  3.03821228e-03  1.06766403e-02 
 1.10000000e+00  1.10000000e+00  0.00000000e+00  0.00000000e+00  0.00000000e+00 -1.53390418e-02  9.64198014e-07  3.16961883e-03  1.21684588e-02 
 1.15000000e+00  1.15000000e+00  0.00000000e+00  0.00000000e+00  0.00000000e+00 -1.69700739e-02  1.19508650e-06  3.29684609e-03  1.36720327e-02 
 1.20000000e+00  1.20000000e+00  0.00000000e+00  0.00000000e+00  0.00000000e+00 -1.86064314e-02  1.51076693e-06  3.41982406e-03  1.51850966e-02 
